0.000000000000000000e+00 3.952736564224910293e-02 8.476715788063719781e-02 4.317149985013086881e-03 6.122802069999549665e-03 4.459960649916561853e-02 7.879209098122744170e-03 1.153975832495893715e-02 1.265597961385965878e-02 8.699960045843864150e-04 3.283003790884476692e-05 4.924505686326715378e-05 8.207509477211192748e-05 8.207509477211192748e-05 8.207509477211192748e-05 6.713742752358754784e-02 1.641501895442238346e-05 2.199612539892599472e-03 1.641501895442238346e-05 2.462252843163357553e-04 6.566007581768953385e-05 1.477351705898014749e-04 8.207509477211192748e-05 1.149051326809566876e-04 1.034146194128610216e-03 9.849011372653430755e-05 4.924505686326715378e-05 1.017731175174187890e-03 1.641501895442238346e-05 1.477351705898014749e-04 1.296786497399368297e-03 1.173673855241200575e-01 4.218659871286552926e-03 1.805652084986462350e-04 1.969802274530686151e-04 5.663181539275722806e-03 9.192410614476535010e-04 3.627719188927347026e-03 4.103754738605596103e-04 1.969802274530686151e-04 1.838482122895307002e-03 6.894307960857401800e-04 6.401857392224729855e-04 5.416956254959387051e-04 5.909406823592058995e-04 5.088655875870939449e-04 2.298102653619133753e-04 4.924505686326715378e-05 2.117537445120487583e-02 4.678280402010379785e-03 8.207509477211192748e-05 1.149051326809566876e-04 8.207509477211192748e-05 4.432055117694043704e-04 2.790553222251805155e-04 3.611304169972924701e-04 1.805652084986462350e-04 1.001316156219765564e-03 4.924505686326715378e-05 0.000000000000000000e+00 0.000000000000000000e+00 0.000000000000000000e+00 0.000000000000000000e+00 0.000000000000000000e+00 0.000000000000000000e+00 4.924505686326715378e-05 3.283003790884476692e-05 0.000000000000000000e+00 0.000000000000000000e+00 3.447153980428700900e-04 1.805652084986462350e-04 0.000000000000000000e+00 0.000000000000000000e+00 1.641501895442238346e-05 0.000000000000000000e+00 3.283003790884476692e-05 1.641501895442238346e-05 4.924505686326715378e-05 4.924505686326715378e-05 8.207509477211192748e-05 1.641501895442238346e-05 4.924505686326715378e-05 1.641501895442238346e-05 0.000000000000000000e+00 0.000000000000000000e+00 0.000000000000000000e+00 9.849011372653430755e-05 4.924505686326715378e-05 9.028260424932311751e-04 0.000000000000000000e+00 4.924505686326715378e-05 3.283003790884476692e-05 3.283003790884476692e-05 0.000000000000000000e+00 0.000000000000000000e+00 8.207509477211192748e-05 8.207509477211192748e-05 1.641501895442238346e-05 2.298102653619133753e-04 2.954703411796029498e-04
3.952736564224910293e-02 0.000000000000000000e+00 2.194031433448095925e-01 2.296789452102780127e-01 2.724728996244571433e-01 1.822067103940884850e-02 1.546294785506588561e-02 6.505272011637591723e-02 1.380503094066922593e-02 1.149051326809566930e-03 4.924505686326715378e-05 1.477351705898014749e-04 1.149051326809566876e-04 1.313201516353790677e-04 6.566007581768953385e-05 1.516747751388628218e-01 3.283003790884476692e-05 2.133952464074910169e-03 1.641501895442238346e-05 2.133952464074909952e-04 8.207509477211192748e-05 3.118853601340253298e-04 1.313201516353790677e-04 2.626403032707581354e-04 9.980331524288810555e-03 7.222608339945849401e-04 2.790553222251805155e-04 1.477351705898014749e-04 0.000000000000000000e+00 9.849011372653430755e-05 7.846379060213900386e-03 5.277428593846796717e-02 1.859821647536056069e-02 2.298102653619133753e-04 5.252806065415162708e-04 9.520710993564983696e-04 1.805652084986462350e-04 2.969476928855009287e-02 1.756407028123195156e-03 5.745256634047834652e-04 2.314517672573556187e-03 7.140533245173737338e-03 6.057141994181860362e-03 5.581106444503610309e-04 5.137900932734206644e-03 1.198296383672834125e-03 2.626403032707581354e-04 9.849011372653430755e-05 1.149051326809566930e-03 2.954703411796029498e-04 1.477351705898014749e-04 2.790553222251805155e-04 2.626403032707581354e-04 2.101122426166065083e-03 1.116221288900722062e-03 8.043359287666968947e-04 5.745256634047834652e-04 3.250173752975632230e-03 6.566007581768953385e-05 0.000000000000000000e+00 0.000000000000000000e+00 0.000000000000000000e+00 0.000000000000000000e+00 0.000000000000000000e+00 0.000000000000000000e+00 0.000000000000000000e+00 8.207509477211192748e-05 0.000000000000000000e+00 0.000000000000000000e+00 6.894307960857401800e-04 1.149051326809566876e-04 0.000000000000000000e+00 0.000000000000000000e+00 1.641501895442238346e-05 0.000000000000000000e+00 6.566007581768953385e-05 0.000000000000000000e+00 1.641501895442238346e-05 9.849011372653430755e-05 1.641501895442238550e-04 1.641501895442238346e-05 6.566007581768953385e-05 6.566007581768953385e-05 0.000000000000000000e+00 1.641501895442238346e-05 0.000000000000000000e+00 4.924505686326715378e-05 4.924505686326715378e-05 1.592256838578971247e-03 0.000000000000000000e+00 8.207509477211192748e-05 6.566007581768953385e-05 4.924505686326715378e-05 1.641501895442238346e-05 0.000000000000000000e+00 2.133952464074909952e-04 9.849011372653430755e-05 0.000000000000000000e+00 5.252806065415162708e-04 3.447153980428700900e-04
8.476715788063719781e-02 2.194031433448095925e-01 0.000000000000000000e+00 8.174679439302346903e-03 1.394784160557270003e-01 3.070921745993339669e-01 4.727525458873647196e-03 1.705520469364485772e-02 4.533828235211462970e-02 4.432055117694043704e-04 1.641501895442238346e-05 4.924505686326715378e-05 4.924505686326715378e-05 4.924505686326715378e-05 1.641501895442238346e-05 2.621478527021254765e-02 1.641501895442238346e-05 1.001316156219765564e-03 0.000000000000000000e+00 8.207509477211192748e-05 3.283003790884476692e-05 1.149051326809566876e-04 4.924505686326715378e-05 8.207509477211192748e-05 2.166782501983754820e-03 2.133952464074909952e-04 8.207509477211192748e-05 9.849011372653430755e-05 0.000000000000000000e+00 3.283003790884476692e-05 3.923189530106950193e-03 3.801718389844224028e-02 6.319782297452618443e-03 8.207509477211192748e-05 1.805652084986462350e-04 9.520710993564983696e-04 1.149051326809566876e-04 9.438635898792870765e-03 4.924505686326715106e-04 1.805652084986462350e-04 8.699960045843864150e-04 2.724893146434116068e-03 2.183197520938177146e-03 2.954703411796029498e-04 2.117537445120487843e-03 3.939604549061372302e-04 9.849011372653430755e-05 3.283003790884476692e-05 4.202244852332130166e-03 4.103754738605596103e-04 1.313201516353790677e-04 2.626403032707581354e-04 1.149051326809566876e-04 1.050561213083032542e-03 2.002632312439531128e-03 8.207509477211192206e-04 2.954703411796029498e-04 2.084707407211642757e-03 3.283003790884476692e-05 0.000000000000000000e+00 0.000000000000000000e+00 0.000000000000000000e+00 0.000000000000000000e+00 0.000000000000000000e+00 0.000000000000000000e+00 0.000000000000000000e+00 3.283003790884476692e-05 0.000000000000000000e+00 0.000000000000000000e+00 2.790553222251805155e-04 4.924505686326715378e-05 0.000000000000000000e+00 0.000000000000000000e+00 0.000000000000000000e+00 0.000000000000000000e+00 1.641501895442238346e-05 0.000000000000000000e+00 0.000000000000000000e+00 4.924505686326715378e-05 1.149051326809566876e-04 0.000000000000000000e+00 1.641501895442238346e-05 3.283003790884476692e-05 0.000000000000000000e+00 0.000000000000000000e+00 0.000000000000000000e+00 1.641501895442238346e-05 1.641501895442238346e-05 6.894307960857401800e-04 0.000000000000000000e+00 3.283003790884476692e-05 3.283003790884476692e-05 1.641501895442238346e-05 0.000000000000000000e+00 0.000000000000000000e+00 9.849011372653430755e-05 4.924505686326715378e-05 0.000000000000000000e+00 3.447153980428700900e-04 1.477351705898014749e-04
4.317149985013086881e-03 2.296789452102780127e-01 8.174679439302346903e-03 0.000000000000000000e+00 2.469311301313759366e-01 7.206193320991426642e-03 5.970142393723421037e-02 3.538421485815289036e-01 1.327975033412770976e-02 1.805652084986462350e-03 4.924505686326715378e-05 1.313201516353790677e-04 8.207509477211192748e-05 8.207509477211192748e-05 4.924505686326715378e-05 8.266603545447112622e-02 3.283003790884476692e-05 1.838482122895307002e-03 0.000000000000000000e+00 2.133952464074909952e-04 8.207509477211192748e-05 2.462252843163357553e-04 9.849011372653430755e-05 2.462252843163357553e-04 1.236050927268005604e-02 4.924505686326715106e-04 1.805652084986462350e-04 8.207509477211192748e-05 0.000000000000000000e+00 8.207509477211192748e-05 3.184513677157942493e-03 1.955028757471706166e-02 1.275446972758619360e-02 2.298102653619133753e-04 3.447153980428700900e-04 1.296786497399368297e-03 2.298102653619133753e-04 2.738025161597653842e-02 2.265272615710289209e-03 5.909406823592058995e-04 2.002632312439531128e-03 3.791869378471570719e-03 3.200928696112364819e-03 2.462252843163357553e-04 2.380177748391245924e-03 7.550908719034297003e-04 1.805652084986462350e-04 6.566007581768953385e-05 1.887727179758574196e-03 3.118853601340253298e-04 4.103754738605596103e-04 7.879209098122744604e-04 8.699960045843864150e-04 6.336197316407040335e-03 1.920557217667419065e-03 2.577157975844314268e-03 2.002632312439531128e-03 1.191730376091065108e-02 1.805652084986462350e-04 0.000000000000000000e+00 0.000000000000000000e+00 0.000000000000000000e+00 0.000000000000000000e+00 0.000000000000000000e+00 0.000000000000000000e+00 1.641501895442238346e-05 2.790553222251805155e-04 0.000000000000000000e+00 1.641501895442238346e-05 2.019047331393953454e-03 1.313201516353790677e-04 0.000000000000000000e+00 0.000000000000000000e+00 3.283003790884476692e-05 1.641501895442238346e-05 1.805652084986462350e-04 0.000000000000000000e+00 1.641501895442238346e-05 4.924505686326715378e-05 4.596205307238267505e-04 3.283003790884476692e-05 1.641501895442238550e-04 3.283003790884476692e-05 0.000000000000000000e+00 0.000000000000000000e+00 0.000000000000000000e+00 9.849011372653430755e-05 3.283003790884476692e-05 4.497715193511733767e-03 1.641501895442238346e-05 2.790553222251805155e-04 2.462252843163357553e-04 1.149051326809566876e-04 4.924505686326715378e-05 0.000000000000000000e+00 8.207509477211192748e-05 4.924505686326715378e-05 0.000000000000000000e+00 1.822067103940884676e-03 8.864110235388087409e-04
6.122802069999549665e-03 2.724728996244571433e-01 1.394784160557270003e-01 2.469311301313759366e-01 0.000000000000000000e+00 1.048919711187590448e-01 2.806968241206227697e-03 2.424498299568186299e-01 2.509692247941638366e-01 1.280371478444945971e-03 4.924505686326715378e-05 9.849011372653430755e-05 6.566007581768953385e-05 6.566007581768953385e-05 3.283003790884476692e-05 1.004599160010649986e-02 1.641501895442238346e-05 1.181881364718411799e-03 0.000000000000000000e+00 1.805652084986462350e-04 4.924505686326715378e-05 1.805652084986462350e-04 8.207509477211192748e-05 1.805652084986462350e-04 8.585054913162908086e-03 4.596205307238267505e-04 1.641501895442238550e-04 8.207509477211192748e-05 0.000000000000000000e+00 6.566007581768953385e-05 4.070924700696751559e-03 2.055160373093682658e-02 9.980331524288810555e-03 1.641501895442238550e-04 3.118853601340253298e-04 1.149051326809566930e-03 2.133952464074909952e-04 2.051877369302797932e-02 1.477351705898014532e-03 3.939604549061372302e-04 1.411691630080325012e-03 4.103754738605596211e-03 3.529229075200812638e-03 2.954703411796029498e-04 2.856213298069495109e-03 7.550908719034297003e-04 1.313201516353790677e-04 4.924505686326715378e-05 3.283003790884476882e-03 3.447153980428700900e-04 5.252806065415162708e-04 1.690746952305505636e-03 9.684861183109206954e-04 1.109655281318953218e-02 7.025628112492780623e-03 3.939604549061372085e-03 2.380177748391245924e-03 1.633294385965027365e-02 1.805652084986462350e-04 0.000000000000000000e+00 0.000000000000000000e+00 0.000000000000000000e+00 0.000000000000000000e+00 0.000000000000000000e+00 0.000000000000000000e+00 0.000000000000000000e+00 2.790553222251805155e-04 0.000000000000000000e+00 0.000000000000000000e+00 1.986217293485108368e-03 1.313201516353790677e-04 0.000000000000000000e+00 0.000000000000000000e+00 3.283003790884476692e-05 0.000000000000000000e+00 1.805652084986462350e-04 0.000000000000000000e+00 1.641501895442238346e-05 8.207509477211192748e-05 5.581106444503610309e-04 1.641501895442238346e-05 1.477351705898014749e-04 4.924505686326715378e-05 0.000000000000000000e+00 0.000000000000000000e+00 0.000000000000000000e+00 9.849011372653430755e-05 3.283003790884476692e-05 4.563375269329423070e-03 1.641501895442238346e-05 3.118853601340253298e-04 2.790553222251805155e-04 1.313201516353790677e-04 6.566007581768953385e-05 0.000000000000000000e+00 9.849011372653430755e-05 4.924505686326715378e-05 0.000000000000000000e+00 2.347347710482400839e-03 8.699960045843864150e-04
4.459960649916561853e-02 1.822067103940884850e-02 3.070921745993339669e-01 7.206193320991426642e-03 1.048919711187590448e-01 0.000000000000000000e+00 1.050561213083032542e-03 2.677289591466290933e-02 5.845059949290722923e-01 8.371659666755416548e-04 1.641501895442238346e-05 3.283003790884476692e-05 1.641501895442238346e-05 1.641501895442238346e-05 8.207509477211192748e-05 3.397908923565433597e-03 0.000000000000000000e+00 1.953387255576263717e-03 0.000000000000000000e+00 2.790553222251805155e-04 3.283003790884476692e-05 6.566007581768953385e-05 3.283003790884476692e-05 9.849011372653430755e-05 1.657916914396660767e-03 1.149051326809566876e-04 4.924505686326715378e-05 1.608671857533393789e-03 3.283003790884476692e-05 1.805652084986462350e-04 1.510181743806859401e-03 1.815501096359115746e-02 2.413007786300090576e-03 1.149051326809566876e-04 9.849011372653430755e-05 9.290900728203070266e-03 1.625086876487816115e-03 4.497715193511733767e-03 4.103754738605596103e-04 1.477351705898014749e-04 6.566007581768954198e-04 1.034146194128610216e-03 8.864110235388087409e-04 8.535809856299639807e-04 8.535809856299639807e-04 8.371659666755416548e-04 4.924505686326715378e-05 1.641501895442238346e-05 6.186820643921796953e-02 5.794501690911101413e-03 5.252806065415162708e-04 1.247541440536101319e-03 6.237707202680506597e-04 5.909406823592058128e-03 7.255438377854694053e-03 5.302051122278429902e-03 1.657916914396660767e-03 1.364088075112500180e-02 1.477351705898014749e-04 0.000000000000000000e+00 0.000000000000000000e+00 0.000000000000000000e+00 0.000000000000000000e+00 0.000000000000000000e+00 1.641501895442238346e-05 6.566007581768953385e-05 1.641501895442238550e-04 0.000000000000000000e+00 1.641501895442238346e-05 1.444521667989169880e-03 2.462252843163357553e-04 0.000000000000000000e+00 0.000000000000000000e+00 3.283003790884476692e-05 1.641501895442238346e-05 1.313201516353790677e-04 3.283003790884476692e-05 6.566007581768953385e-05 8.207509477211192748e-05 4.596205307238267505e-04 3.283003790884476692e-05 1.149051326809566876e-04 4.924505686326715378e-05 0.000000000000000000e+00 1.641501895442238346e-05 1.641501895442238346e-05 1.805652084986462350e-04 9.849011372653430755e-05 3.644134207881769352e-03 1.641501895442238346e-05 1.969802274530686151e-04 1.805652084986462350e-04 9.849011372653430755e-05 4.924505686326715378e-05 1.641501895442238346e-05 1.149051326809566876e-04 1.313201516353790677e-04 1.641501895442238346e-05 2.314517672573556187e-03 7.715058908578521345e-04
7.879209098122744170e-03 1.546294785506588561e-02 4.727525458873647196e-03 5.970142393723421037e-02 2.806968241206227697e-03 1.050561213083032542e-03 0.000000000000000000e+00 2.847349187834106732e-01 9.028260424932311318e-03 5.039410819007671821e-03 2.133952464074909952e-04 6.730157771313177457e-04 2.478667862117780313e-03 2.577157975844314268e-03 3.939604549061372302e-04 3.500010341461941010e-01 4.924505686326715106e-04 2.106046931852392085e-02 4.103754738605596103e-04 7.550908719034297003e-04 1.066976232037455084e-03 3.545644094155234963e-03 1.871312160804151871e-03 1.362446573217058034e-03 8.568639894208484459e-03 7.715058908578521345e-04 5.088655875870939449e-04 9.849011372653430755e-05 1.641501895442238346e-05 6.894307960857401800e-04 1.789237066032040024e-03 2.406441778718321559e-02 2.416290790090975041e-02 2.462252843163357553e-03 2.790553222251805372e-03 2.330932691527978513e-03 2.298102653619133753e-04 2.304668661200902705e-02 6.188462145817238969e-03 4.478017170766426802e-02 1.915961012360180848e-01 2.101122426166065083e-03 2.872628317023917435e-03 1.313201516353790677e-04 1.477351705898014532e-03 8.699960045843864150e-04 5.728841615093412110e-03 7.715058908578521345e-04 7.879209098122744604e-04 3.611304169972924701e-04 6.566007581768953385e-05 9.849011372653430755e-05 1.477351705898014749e-04 6.730157771313177457e-04 1.969802274530686151e-04 2.954703411796029498e-04 3.447153980428700900e-04 1.543011781715704269e-03 9.849011372653430755e-05 0.000000000000000000e+00 0.000000000000000000e+00 0.000000000000000000e+00 0.000000000000000000e+00 0.000000000000000000e+00 1.641501895442238346e-05 9.849011372653430755e-05 8.207509477211192748e-05 0.000000000000000000e+00 1.641501895442238346e-05 6.730157771313177457e-04 3.939604549061372302e-04 3.283003790884476692e-05 4.924505686326715378e-05 1.641501895442238346e-05 1.641501895442238346e-05 6.566007581768953385e-05 3.283003790884476692e-05 2.790553222251805155e-04 3.283003790884476692e-05 1.149051326809566876e-04 3.283003790884476692e-05 8.207509477211192748e-05 3.283003790884476692e-05 0.000000000000000000e+00 1.641501895442238346e-05 3.283003790884476692e-05 8.207509477211192748e-05 8.207509477211192748e-05 1.510181743806859401e-03 1.641501895442238346e-05 9.849011372653430755e-05 8.207509477211192748e-05 4.924505686326715378e-05 1.641501895442238346e-05 0.000000000000000000e+00 6.566007581768953385e-05 1.477351705898014749e-04 4.924505686326715378e-05 3.283003790884477099e-04 3.939604549061372302e-04
1.153975832495893715e-02 6.505272011637591723e-02 1.705520469364485772e-02 3.538421485815289036e-01 2.424498299568186299e-01 2.677289591466290933e-02 2.847349187834106732e-01 0.000000000000000000e+00 2.933856337723912966e-01 1.767897541391290697e-02 4.103754738605596103e-04 6.073557013136282254e-04 4.596205307238267505e-04 5.745256634047834652e-04 3.283003790884477099e-04 1.162839942731281745e-01 1.641501895442238550e-04 1.688284699462342386e-01 8.207509477211192748e-05 2.117537445120487843e-03 8.699960045843864150e-04 1.165466345763989256e-03 8.043359287666968947e-04 1.346031554262635491e-03 2.490158375385875811e-02 9.192410614476535010e-04 4.596205307238267505e-04 1.477351705898014749e-04 3.283003790884476692e-05 4.267904928149819904e-04 3.020363487613718801e-03 2.746232671074864962e-02 2.227518072115117556e-02 4.432055117694043596e-03 1.198296383672834125e-03 2.129027958388583427e-02 1.083391250991877410e-03 5.351296179141697140e-02 1.014448171383303295e-02 2.790553222251805372e-03 2.595214496694179043e-02 3.857529454289260456e-03 3.759039340562726067e-03 2.298102653619133753e-04 2.462252843163357553e-03 1.116221288900722062e-03 1.526596762761281726e-03 4.760355496782491848e-04 1.424823645243862916e-02 1.969802274530686043e-03 9.849011372653430213e-04 1.756407028123195156e-03 2.068292388257220431e-03 1.359163569426173439e-02 4.793185534691336500e-03 6.516762524905686353e-03 5.105070894825361992e-03 2.953061909900587048e-02 5.909406823592058995e-04 1.641501895442238346e-05 0.000000000000000000e+00 0.000000000000000000e+00 0.000000000000000000e+00 1.641501895442238346e-05 4.924505686326715378e-05 1.477351705898014749e-04 7.715058908578521345e-04 0.000000000000000000e+00 4.924505686326715378e-05 5.499031349731498680e-03 9.520710993564983696e-04 3.283003790884476692e-05 4.924505686326715378e-05 1.149051326809566876e-04 4.924505686326715378e-05 4.432055117694043704e-04 6.566007581768953385e-05 2.133952464074909952e-04 8.207509477211192748e-05 1.099806269946299736e-03 1.313201516353790677e-04 4.924505686326715106e-04 4.924505686326715378e-05 0.000000000000000000e+00 1.641501895442238346e-05 3.283003790884476692e-05 3.939604549061372302e-04 1.149051326809566876e-04 1.341107048576308837e-02 8.207509477211192748e-05 7.386758529490072660e-04 6.401857392224729855e-04 3.775454359517148501e-04 1.149051326809566876e-04 1.641501895442238346e-05 9.849011372653430755e-05 1.313201516353790677e-04 3.283003790884476692e-05 5.367711198096120073e-03 2.790553222251805372e-03
1.265597961385965878e-02 1.380503094066922593e-02 4.533828235211462970e-02 1.327975033412770976e-02 2.509692247941638366e-01 5.845059949290722923e-01 9.028260424932311318e-03 2.933856337723912966e-01 0.000000000000000000e+00 6.828647885039711846e-03 1.477351705898014749e-04 1.641501895442238550e-04 9.849011372653430755e-05 1.149051326809566876e-04 9.849011372653430755e-05 1.075183741514666204e-02 3.283003790884476692e-05 3.171381661994404633e-02 1.641501895442238346e-05 1.017731175174187890e-03 2.298102653619133753e-04 2.626403032707581354e-04 1.477351705898014749e-04 4.432055117694043704e-04 7.813549022305054867e-03 2.462252843163357553e-04 9.849011372653430755e-05 1.149051326809566876e-04 1.641501895442238346e-05 1.313201516353790677e-04 1.066976232037455084e-03 1.198296383672834038e-02 5.466201311822654028e-03 1.296786497399368297e-03 2.462252843163357553e-04 4.604412816715478668e-02 1.001316156219765564e-03 1.503615736225090427e-02 2.921873373887184412e-03 7.879209098122744604e-04 4.300734966058664989e-03 1.165466345763989256e-03 1.066976232037455084e-03 1.149051326809566876e-04 7.879209098122744604e-04 3.283003790884477099e-04 2.462252843163357553e-04 8.207509477211192748e-05 5.994764922155054743e-02 2.987533449704874149e-03 1.280371478444945971e-03 2.413007786300090576e-03 2.281687634664711535e-03 1.705520469364485772e-02 8.929770311205776495e-03 1.011165167592418916e-02 6.221292183726083620e-03 4.141509282200767778e-02 5.416956254959387051e-04 1.641501895442238346e-05 0.000000000000000000e+00 0.000000000000000000e+00 0.000000000000000000e+00 0.000000000000000000e+00 1.641501895442238346e-05 4.924505686326715378e-05 7.550908719034297003e-04 0.000000000000000000e+00 3.283003790884476692e-05 5.696011577184567458e-03 4.596205307238267505e-04 1.641501895442238346e-05 1.641501895442238346e-05 8.207509477211192748e-05 3.283003790884476692e-05 4.432055117694043704e-04 3.283003790884476692e-05 8.207509477211192748e-05 6.566007581768953385e-05 1.231126421581678777e-03 8.207509477211192748e-05 4.432055117694043704e-04 3.283003790884476692e-05 0.000000000000000000e+00 0.000000000000000000e+00 1.641501895442238346e-05 3.283003790884477099e-04 6.566007581768953385e-05 1.444521667989169880e-02 4.924505686326715378e-05 7.550908719034297003e-04 6.566007581768954198e-04 3.611304169972924701e-04 1.313201516353790677e-04 1.641501895442238346e-05 3.283003790884476692e-05 4.924505686326715378e-05 1.641501895442238346e-05 7.895624117077167797e-03 2.659233070616426331e-03
8.699960045843864150e-04 1.149051326809566930e-03 4.432055117694043704e-04 1.805652084986462350e-03 1.280371478444945971e-03 8.371659666755416548e-04 5.039410819007671821e-03 1.767897541391290697e-02 6.828647885039711846e-03 0.000000000000000000e+00 9.412371868465795044e-02 5.763313154897699297e-02 2.002632312439531128e-03 2.708478127479693309e-03 2.626403032707581679e-03 7.156948264128160098e-03 3.479984018337545660e-03 4.166131810632401483e-02 5.581106444503610309e-04 1.254107448117870206e-02 9.832596353699008321e-03 1.383786097857806971e-02 1.953387255576263717e-03 1.016417973657834095e-01 8.419263221723241597e-02 1.472427200211687964e-02 4.760355496782491848e-04 3.283003790884477099e-04 2.298102653619133753e-04 1.559426800670126595e-03 2.626403032707581354e-04 4.218659871286552926e-03 5.548276406594766091e-03 1.011165167592418916e-02 4.136584776514440863e-03 1.209786896940929710e-02 1.690746952305505636e-03 1.127547651979273619e-01 7.411381057921706539e-02 4.955694222340117916e-02 3.440587972846931991e-02 1.444521667989169880e-03 9.766936277881319017e-03 6.566007581768953385e-05 4.267904928149819904e-04 1.936972236621841391e-03 1.657916914396660767e-03 8.043359287666968947e-04 2.544327937935469616e-03 3.726209302653881415e-03 6.566007581768953385e-05 3.283003790884476692e-05 1.477351705898014749e-04 1.805652084986462350e-04 4.924505686326715378e-05 1.477351705898014749e-04 2.298102653619133753e-04 6.237707202680506597e-04 6.401857392224729855e-04 3.283003790884476692e-05 1.641501895442238346e-05 1.641501895442238346e-05 1.641501895442238346e-05 4.924505686326715378e-05 3.283003790884477099e-04 8.207509477211192206e-04 1.641501895442238550e-04 3.283003790884476692e-05 1.477351705898014749e-04 1.838482122895307002e-03 5.384126217050541965e-03 8.207509477211192748e-05 9.849011372653430755e-05 1.969802274530686151e-04 2.298102653619133753e-04 2.298102653619133753e-04 4.760355496782491848e-04 4.103754738605596103e-04 1.641501895442238346e-05 1.477351705898014749e-04 4.760355496782491848e-04 2.954703411796029498e-04 1.641501895442238346e-05 1.641501895442238346e-05 3.283003790884476692e-05 8.207509477211192748e-05 6.401857392224729855e-04 1.641501895442238550e-04 4.957335724235560626e-03 1.313201516353790677e-04 2.954703411796029498e-04 1.969802274530686151e-04 3.283003790884477099e-04 1.641501895442238346e-05 1.641501895442238346e-05 3.283003790884476692e-05 2.462252843163357553e-04 8.207509477211192748e-05 3.611304169972924701e-04 1.674331933351083310e-03
3.283003790884476692e-05 4.924505686326715378e-05 1.641501895442238346e-05 4.924505686326715378e-05 4.924505686326715378e-05 1.641501895442238346e-05 2.133952464074909952e-04 4.103754738605596103e-04 1.477351705898014749e-04 9.412371868465795044e-02 0.000000000000000000e+00 1.488185618407933397e-01 2.183197520938177146e-03 6.369027354315884987e-03 3.709794283699459089e-03 5.581106444503610309e-04 4.054509681742328800e-03 4.415640098739621704e-03 6.894307960857401800e-04 1.559426800670126595e-03 6.286952259543773791e-03 2.806968241206227697e-03 1.083391250991877410e-03 1.618520868906047142e-02 9.300749739575722708e-02 1.940255240412725943e-02 1.313201516353790677e-04 8.207509477211192748e-05 6.566007581768953385e-05 6.894307960857401800e-04 3.283003790884476692e-05 5.088655875870939449e-04 9.520710993564983696e-04 1.444521667989169880e-03 5.252806065415162708e-04 5.088655875870939449e-04 1.313201516353790677e-04 2.757723184342960720e-03 2.117537445120487843e-03 1.460936686943592206e-03 2.150367483029332494e-03 6.073557013136282254e-04 1.871312160804151871e-03 0.000000000000000000e+00 9.849011372653430755e-05 6.401857392224729855e-04 3.775454359517148501e-04 2.462252843163357553e-04 8.207509477211192748e-05 2.298102653619133753e-04 0.000000000000000000e+00 0.000000000000000000e+00 0.000000000000000000e+00 0.000000000000000000e+00 0.000000000000000000e+00 0.000000000000000000e+00 0.000000000000000000e+00 1.641501895442238346e-05 4.924505686326715378e-05 0.000000000000000000e+00 0.000000000000000000e+00 0.000000000000000000e+00 0.000000000000000000e+00 1.641501895442238346e-05 4.924505686326715378e-05 2.626403032707581354e-04 0.000000000000000000e+00 0.000000000000000000e+00 1.641501895442238346e-05 9.849011372653430755e-05 5.252806065415162708e-04 1.641501895442238346e-05 3.283003790884476692e-05 1.641501895442238346e-05 1.641501895442238346e-05 1.641501895442238346e-05 8.207509477211192748e-05 1.477351705898014749e-04 0.000000000000000000e+00 0.000000000000000000e+00 3.283003790884476692e-05 1.641501895442238346e-05 0.000000000000000000e+00 0.000000000000000000e+00 0.000000000000000000e+00 1.641501895442238346e-05 6.566007581768953385e-05 4.924505686326715378e-05 2.954703411796029498e-04 0.000000000000000000e+00 1.641501895442238346e-05 0.000000000000000000e+00 1.641501895442238346e-05 0.000000000000000000e+00 0.000000000000000000e+00 0.000000000000000000e+00 8.207509477211192748e-05 1.641501895442238346e-05 1.641501895442238346e-05 9.849011372653430755e-05
4.924505686326715378e-05 1.477351705898014749e-04 4.924505686326715378e-05 1.313201516353790677e-04 9.849011372653430755e-05 3.283003790884476692e-05 6.730157771313177457e-04 6.073557013136282254e-04 1.641501895442238550e-04 5.763313154897699297e-02 1.488185618407933397e-01 0.000000000000000000e+00 1.049740462135311525e-01 2.360479725645938873e-02 2.061726380675451414e-02 2.626403032707581679e-03 1.142813619606886377e-01 4.678280402010379785e-03 5.236391046460740599e-03 2.248857596755866883e-03 7.928454154986011582e-03 3.827982420171300443e-02 1.355880565635289060e-02 1.038085798677671617e-01 7.283343910077212657e-02 7.478682635634838205e-02 5.252806065415162708e-04 4.596205307238267505e-04 3.283003790884477099e-04 1.349314558053519957e-02 9.849011372653430755e-05 1.625086876487816115e-03 5.909406823592058128e-03 1.037429197919494638e-02 2.380177748391245924e-03 5.088655875870939449e-04 3.283003790884477099e-04 5.925821842546480887e-03 7.403173548444495419e-03 6.894307960857402016e-03 8.699960045843864800e-03 2.019047331393953454e-03 6.598837619677798416e-03 1.641501895442238346e-05 3.447153980428700900e-04 2.790553222251805372e-03 2.019047331393953454e-03 1.296786497399368297e-03 9.849011372653430755e-05 2.954703411796029498e-04 0.000000000000000000e+00 0.000000000000000000e+00 1.641501895442238346e-05 0.000000000000000000e+00 0.000000000000000000e+00 0.000000000000000000e+00 0.000000000000000000e+00 1.641501895442238346e-05 8.207509477211192748e-05 1.641501895442238346e-05 3.283003790884476692e-05 3.283003790884476692e-05 4.924505686326715378e-05 9.849011372653430755e-05 1.477351705898014749e-04 1.838482122895307002e-03 1.641501895442238346e-05 3.283003790884476692e-05 3.283003790884476692e-05 1.805652084986462350e-04 1.362446573217058034e-03 2.298102653619133753e-04 4.760355496782491848e-04 1.641501895442238346e-05 6.566007581768953385e-05 8.207509477211192748e-05 3.775454359517148501e-04 2.478667862117780313e-03 0.000000000000000000e+00 0.000000000000000000e+00 6.566007581768953385e-05 4.924505686326715378e-05 1.641501895442238346e-05 3.283003790884476692e-05 4.924505686326715378e-05 1.641501895442238550e-04 2.133952464074909952e-04 2.954703411796029498e-04 5.416956254959387051e-04 1.641501895442238346e-05 3.283003790884476692e-05 1.641501895442238346e-05 3.283003790884476692e-05 0.000000000000000000e+00 1.641501895442238346e-05 1.641501895442238346e-05 4.103754738605596103e-04 1.641501895442238550e-04 1.641501895442238346e-05 1.641501895442238550e-04
8.207509477211192748e-05 1.149051326809566876e-04 4.924505686326715378e-05 8.207509477211192748e-05 6.566007581768953385e-05 1.641501895442238346e-05 2.478667862117780313e-03 4.596205307238267505e-04 9.849011372653430755e-05 2.002632312439531128e-03 2.183197520938177146e-03 1.049740462135311525e-01 0.000000000000000000e+00 2.161365545728795301e-01 3.547285596050677586e-02 9.668446164154784195e-03 8.736073087543592963e-02 6.172047126862817076e-03 1.508540241911417168e-02 1.099806269946299736e-03 7.928454154986011582e-03 8.924845805519450448e-02 3.135268620294675429e-02 1.273805470863176997e-02 7.140533245173737338e-03 3.365078885656588945e-03 3.447153980428700900e-04 2.298102653619133753e-04 1.805652084986462350e-04 8.913355292251354603e-03 6.566007581768953385e-05 1.543011781715704269e-03 7.436003586353340071e-03 2.357196721855054494e-02 3.250173752975632230e-03 2.133952464074909952e-04 2.462252843163357553e-04 1.854897141849729545e-03 2.495082881072202639e-03 5.236391046460740599e-03 2.388385257868456957e-02 4.103754738605596103e-04 1.838482122895307002e-03 1.641501895442238346e-05 1.969802274530686151e-04 8.864110235388087409e-04 1.070259235828339463e-02 8.371659666755416548e-04 3.283003790884476692e-05 1.149051326809566876e-04 0.000000000000000000e+00 0.000000000000000000e+00 1.641501895442238346e-05 0.000000000000000000e+00 0.000000000000000000e+00 0.000000000000000000e+00 0.000000000000000000e+00 1.641501895442238346e-05 4.924505686326715378e-05 0.000000000000000000e+00 6.566007581768953385e-05 1.149051326809566876e-04 3.283003790884477099e-04 3.447153980428700900e-04 1.149051326809566876e-04 6.057141994181860362e-03 3.283003790884476692e-05 1.641501895442238346e-05 3.283003790884476692e-05 1.313201516353790677e-04 9.849011372653430213e-04 5.581106444503610309e-04 1.707161971259927961e-03 1.641501895442238346e-05 3.283003790884476692e-05 8.207509477211192748e-05 5.252806065415162708e-04 5.876576785683213476e-03 0.000000000000000000e+00 0.000000000000000000e+00 4.924505686326715378e-05 6.566007581768953385e-05 1.641501895442238346e-05 1.641501895442238346e-05 1.641501895442238346e-05 1.805652084986462350e-04 2.298102653619133753e-04 2.298102653619133753e-04 3.118853601340253298e-04 1.641501895442238346e-05 1.641501895442238346e-05 0.000000000000000000e+00 1.641501895442238346e-05 0.000000000000000000e+00 1.641501895442238346e-05 1.641501895442238346e-05 2.298102653619133753e-04 1.313201516353790677e-04 1.641501895442238346e-05 8.207509477211192748e-05
8.207509477211192748e-05 1.313201516353790677e-04 4.924505686326715378e-05 8.207509477211192748e-05 6.566007581768953385e-05 1.641501895442238346e-05 2.577157975844314268e-03 5.745256634047834652e-04 1.149051326809566876e-04 2.708478127479693309e-03 6.369027354315884987e-03 2.360479725645938873e-02 2.161365545728795301e-01 0.000000000000000000e+00 1.596688893696665279e-01 7.255438377854694053e-03 7.153665260337274678e-02 1.797444575509251144e-02 1.230798121202590356e-01 1.313201516353790840e-03 7.565682236093276836e-02 3.675322743895172162e-02 1.835527419483511113e-01 5.975066899409748299e-03 2.872628317023917174e-02 9.701276202063629714e-03 2.314517672573556187e-03 5.416956254959387051e-04 3.118853601340253298e-04 8.535809856299640674e-03 8.207509477211192748e-05 1.329616535308213165e-03 2.774138203297383046e-03 3.429097459578836493e-02 1.004599160010649986e-02 2.462252843163357553e-04 3.447153980428700900e-04 1.346031554262635491e-03 9.356560804020759353e-04 1.723576990214350504e-03 3.616228675659251268e-02 1.739992009168772830e-03 8.191094458256770530e-03 3.283003790884476692e-05 7.879209098122744604e-04 4.645450364101535133e-03 4.461602151812003869e-02 9.504295974610560069e-03 4.924505686326715378e-05 1.641501895442238550e-04 0.000000000000000000e+00 0.000000000000000000e+00 3.283003790884476692e-05 0.000000000000000000e+00 0.000000000000000000e+00 0.000000000000000000e+00 1.641501895442238346e-05 1.641501895442238346e-05 1.149051326809566876e-04 3.283003790884476692e-05 1.313201516353790677e-04 2.790553222251805155e-04 6.237707202680506597e-04 7.550908719034297003e-04 3.118853601340253298e-04 1.226201915895352122e-02 4.924505686326715378e-05 8.207509477211192748e-05 6.566007581768953385e-05 2.298102653619133753e-04 2.166782501983754820e-03 8.864110235388087409e-04 2.150367483029332494e-03 3.283003790884476692e-05 1.477351705898014749e-04 1.969802274530686151e-04 1.313201516353790840e-03 6.697327733404333239e-03 0.000000000000000000e+00 1.641501895442238346e-05 1.149051326809566876e-04 1.149051326809566876e-04 4.924505686326715378e-05 6.566007581768953385e-05 9.849011372653430755e-05 4.596205307238267505e-04 4.432055117694043704e-04 5.745256634047834652e-04 5.581106444503610309e-04 3.283003790884476692e-05 4.924505686326715378e-05 1.641501895442238346e-05 4.924505686326715378e-05 0.000000000000000000e+00 4.924505686326715378e-05 4.924505686326715378e-05 9.028260424932311751e-04 3.939604549061372302e-04 3.283003790884476692e-05 1.641501895442238550e-04
8.207509477211192748e-05 6.566007581768953385e-05 1.641501895442238346e-05 4.924505686326715378e-05 3.283003790884476692e-05 8.207509477211192748e-05 3.939604549061372302e-04 3.283003790884477099e-04 9.849011372653430755e-05 2.626403032707581679e-03 3.709794283699459089e-03 2.061726380675451414e-02 3.547285596050677586e-02 1.596688893696665279e-01 0.000000000000000000e+00 1.132636307855144605e-03 1.232767923477121053e-02 8.749205102707130477e-03 2.511497900026624965e-03 2.903816853037319984e-02 1.514613798924553389e-01 2.109329935643276463e-02 1.012970819677405376e-01 5.384126217050541965e-03 1.618520868906047142e-02 9.028260424932311318e-03 1.805652084986462350e-03 6.075198515031724616e-02 1.375578588380595713e-01 1.671869680507920009e-01 1.313201516353790677e-04 4.924505686326715106e-04 9.028260424932311751e-04 4.399225079785198944e-03 5.663181539275722806e-03 9.684861183109206954e-04 4.328640498281182553e-02 6.894307960857401800e-04 6.237707202680506597e-04 6.401857392224729855e-04 5.400541236004964725e-03 1.378861592171480360e-03 7.928454154986011582e-03 9.849011372653430213e-04 8.207509477211192206e-04 9.504295974610560069e-03 6.680912714449910479e-03 5.006580781098827169e-03 6.894307960857401800e-04 9.701276202063629714e-03 8.207509477211192748e-05 1.641501895442238346e-05 2.462252843163357553e-04 1.641501895442238346e-05 0.000000000000000000e+00 1.313201516353790677e-04 1.641501895442238550e-04 9.849011372653430755e-05 1.378861592171480360e-03 4.267904928149819904e-04 1.936972236621841391e-03 4.382810060830777052e-03 6.943553017720668560e-03 1.019372677069630036e-02 3.676964245790614004e-03 2.278568781063371185e-01 5.581106444503610309e-04 1.559426800670126595e-03 7.715058908578521345e-04 1.641501895442238441e-03 2.756081682447518444e-02 7.879209098122744170e-03 1.771180545182175423e-02 3.939604549061372302e-04 2.314517672573556187e-03 1.772822047077617482e-03 3.286286794675361694e-02 6.735082276999504458e-02 4.924505686326715378e-05 1.641501895442238550e-04 1.263956459490523645e-03 1.066976232037455084e-03 2.133952464074909952e-04 3.611304169972924701e-04 3.611304169972924701e-04 2.495082881072202639e-03 1.444521667989169880e-02 6.336197316407040335e-03 6.910722979811823909e-03 3.118853601340253298e-04 5.252806065415162708e-04 1.805652084986462350e-04 4.924505686326715106e-04 4.924505686326715378e-05 3.611304169972924701e-04 2.954703411796029498e-04 3.956019568015794845e-03 1.707161971259927961e-03 4.103754738605596103e-04 2.248857596755866883e-03
6.713742752358754784e-02 1.516747751388628218e-01 2.621478527021254765e-02 8.266603545447112622e-02 1.004599160010649986e-02 3.397908923565433597e-03 3.500010341461941010e-01 1.162839942731281745e-01 1.075183741514666204e-02 7.156948264128160098e-03 5.581106444503610309e-04 2.626403032707581679e-03 9.668446164154784195e-03 7.255438377854694053e-03 1.132636307855144605e-03 0.000000000000000000e+00 1.920557217667419065e-03 2.117537445120487583e-02 1.198296383672834125e-03 1.920557217667419065e-03 2.281687634664711535e-03 1.613596363219720400e-02 5.728841615093412110e-03 4.612620326192690481e-03 8.995430387023467533e-03 2.314517672573556187e-03 1.313201516353790840e-03 2.790553222251805155e-04 6.566007581768953385e-05 2.642818051662004005e-03 3.200928696112364819e-03 1.360148470563438683e-01 2.117209144741399318e-01 5.597521463458033503e-03 1.375578588380595851e-02 4.251489909195397578e-03 6.401857392224729855e-04 2.496724382967644568e-02 8.059774306621390189e-03 3.163174152517193860e-02 1.598494545781651843e-01 2.938288392841606738e-03 7.124118226219314579e-03 2.462252843163357553e-04 2.380177748391245924e-03 2.298102653619133861e-03 1.717010982632581617e-02 2.084707407211642757e-03 1.575841819624548921e-03 1.132636307855144605e-03 1.477351705898014749e-04 2.133952464074909952e-04 3.447153980428700900e-04 1.198296383672834125e-03 3.611304169972924701e-04 5.745256634047834652e-04 6.894307960857401800e-04 2.839798279115072783e-03 3.118853601340253298e-04 0.000000000000000000e+00 1.641501895442238346e-05 1.641501895442238346e-05 1.641501895442238346e-05 1.641501895442238346e-05 4.924505686326715378e-05 2.790553222251805155e-04 1.969802274530686151e-04 0.000000000000000000e+00 4.924505686326715378e-05 1.707161971259927961e-03 1.132636307855144605e-03 1.149051326809566876e-04 1.641501895442238550e-04 6.566007581768953385e-05 4.924505686326715378e-05 2.133952464074909952e-04 9.849011372653430755e-05 9.192410614476535010e-04 6.566007581768953385e-05 2.626403032707581354e-04 1.313201516353790677e-04 2.298102653619133753e-04 4.924505686326715378e-05 1.641501895442238346e-05 3.283003790884476692e-05 1.313201516353790677e-04 2.626403032707581354e-04 2.133952464074909952e-04 3.873944473243682782e-03 6.566007581768953385e-05 2.462252843163357553e-04 2.133952464074909952e-04 1.641501895442238550e-04 3.283003790884476692e-05 1.641501895442238346e-05 9.849011372653430755e-05 3.611304169972924701e-04 1.477351705898014749e-04 6.566007581768954198e-04 1.165466345763989256e-03
