0.000000000000000000e+00 5.077539806680359646e+01 2.823054277108229826e+01 9.257170545592789779e+01 8.847455926782940594e+01 3.836676063863340147e+01 7.587333272403699880e+01 9.134294432082100457e+01 8.588030596746909850e+01 1.374841640077789862e+02 1.362187347412109943e+02 1.716097717285159945e+02 1.494445209503170133e+02 1.453590534434599988e+02 1.413076289783820130e+02 3.653913425481250243e+01 1.349997634887699860e+02 1.036727157404390027e+02 1.066334381103520030e+02 1.239608287811280007e+02 1.444925384521480112e+02 1.754813265119279890e+02 1.620099917820519977e+02 1.463750084771050126e+02 1.300035984802250084e+02 1.670919281005859887e+02 1.750702667236330115e+02 1.298361990555470129e+02 1.303366394042969887e+02 1.480287119547529926e+02 1.350247179834470046e+02 4.109190029769629859e+01 8.152429232374750256e+01 1.275622301101680023e+02 1.775023893468519987e+02 7.955480054440070603e+01 7.638613037835979469e+01 1.210320400693520071e+02 1.389199339767980064e+02 1.369226848895729916e+02 1.058241623342040043e+02 1.365878906250000000e+02 1.611578023274740019e+02 1.570152897081879928e+02 1.578736068062160030e+02 1.681321056735129957e+02 1.615930463518419913e+02 1.676455205281579879e+02 4.366742666317870203e+01 7.222757238752390663e+01 1.428953460693360000e+02 1.586377248764040075e+02 1.803186956133160095e+02 1.795157069754089889e+02 1.457094163440519878e+02 1.388192749023440058e+02 1.791200190226240068e+02 1.733652293993079923e+02 1.819057006835940058e+02 0.000000000000000000e+00 0.000000000000000000e+00 0.000000000000000000e+00 0.000000000000000000e+00 0.000000000000000000e+00 0.000000000000000000e+00 1.534246470133460036e+02 1.728063405354820077e+02 0.000000000000000000e+00 0.000000000000000000e+00 1.691326617470269866e+02 1.612236110142299879e+02 0.000000000000000000e+00 0.000000000000000000e+00 1.351916732788089917e+02 0.000000000000000000e+00 1.824513905843099906e+02 1.272198969523110037e+02 1.867776590983069980e+02 1.978957122802729884e+02 1.824584407806399895e+02 1.472636260986330115e+02 1.640192230224610057e+02 2.067541656494140057e+02 0.000000000000000000e+00 0.000000000000000000e+00 0.000000000000000000e+00 1.047055435180659941e+02 1.870957641601559942e+02 1.553328428829420034e+02 0.000000000000000000e+00 1.915125122070309942e+02 1.979806925455729925e+02 1.794952290852860131e+02 0.000000000000000000e+00 0.000000000000000000e+00 2.036803843180339868e+02 2.090571594238280113e+02 1.701706390380859943e+02 1.376158308301650095e+02 1.418162867228190009e+02
5.077539806680359646e+01 0.000000000000000000e+00 2.731372149542540129e+01 3.121996457056510010e+01 2.455737716544420124e+01 5.802982657759449836e+01 6.620642127187400661e+01 6.333531363039129758e+01 7.808353260081750591e+01 1.462556976810579954e+02 1.723120971679690001e+02 1.941929601033529877e+02 1.880352749294700061e+02 1.884764251708980112e+02 2.016331634521480112e+02 3.479190478962910049e+01 1.812230033874510013e+02 1.280185583785730046e+02 1.230754394531250000e+02 1.828314806620280137e+02 1.793187835693360057e+02 2.017084574979890021e+02 1.949305551969090118e+02 1.780154891967769970e+02 1.135653985276509985e+02 1.689864664579689872e+02 1.870148726001229988e+02 1.940276062011720057e+02 0.000000000000000000e+00 2.048266582489009977e+02 1.627560012971960077e+02 1.134349216541299938e+02 1.051336190995079960e+02 1.692923395493450016e+02 1.946548897879459901e+02 1.321623900895270083e+02 1.473109283447269888e+02 1.238162668531650041e+02 1.362307699697990131e+02 1.572526643541119995e+02 1.515054591459389997e+02 1.553877191763249925e+02 1.766943358862959883e+02 1.827127799987790127e+02 1.802875226839319964e+02 1.945928059239539891e+02 1.894411215531200128e+02 1.927481155395510086e+02 9.886503012705659899e+01 1.510447479248049945e+02 1.786040756225590087e+02 1.786131179332730028e+02 1.837202839570890092e+02 1.774026124360939889e+02 1.447586926546960058e+02 1.552767968354399954e+02 1.780753521728520070e+02 1.744711907158070119e+02 1.987621917724609943e+02 0.000000000000000000e+00 0.000000000000000000e+00 0.000000000000000000e+00 0.000000000000000000e+00 0.000000000000000000e+00 0.000000000000000000e+00 0.000000000000000000e+00 1.771742299397789964e+02 0.000000000000000000e+00 0.000000000000000000e+00 1.782406784905330142e+02 2.070577774047850141e+02 0.000000000000000000e+00 0.000000000000000000e+00 1.765947875976559942e+02 0.000000000000000000e+00 1.969302368164059942e+02 0.000000000000000000e+00 2.083057556152340055e+02 2.104943084716800001e+02 2.047519536172189873e+02 1.848360646565760135e+02 1.790888796205869937e+02 2.296460622151689961e+02 0.000000000000000000e+00 2.138986053466800001e+02 0.000000000000000000e+00 1.577604789733890129e+02 2.124900919596350093e+02 1.677592800869030043e+02 0.000000000000000000e+00 2.016470336914059942e+02 2.091662183489119968e+02 1.977455749511719887e+02 2.144391479492190058e+02 0.000000000000000000e+00 2.199007720947269888e+02 2.286257171630859943e+02 0.000000000000000000e+00 1.426571171283719934e+02 1.674719895153509981e+02
2.823054277108229826e+01 2.731372149542540129e+01 0.000000000000000000e+00 7.569184438989910291e+01 2.534868550645979823e+01 2.387524043465739965e+01 7.645296833731910624e+01 7.595622731545219608e+01 5.918377585164139987e+01 1.468838529586790003e+02 1.434025573730469887e+02 1.878447926839189961e+02 1.799941825866700071e+02 1.725120544433590055e+02 1.707941843668619981e+02 5.175515715289890295e+01 1.341102600097659945e+02 1.159802770761340014e+02 0.000000000000000000e+00 1.669525171915690009e+02 1.621674855550130019e+02 1.986397781372070028e+02 1.830528411865230112e+02 1.714374745686849906e+02 1.164432620866920018e+02 1.620417933310230012e+02 1.756701210869680096e+02 1.669129935370550015e+02 0.000000000000000000e+00 1.886827552795409986e+02 1.497508550039150066e+02 9.453545941910390127e+01 9.916120443246470018e+01 1.572661941528320142e+02 1.887060909271239950e+02 9.942680206298830115e+01 1.165098589116879992e+02 1.166716091041560048e+02 1.402878754559689867e+02 1.542930036272319967e+02 1.418792083604000140e+02 1.437111889948110104e+02 1.656028832828299926e+02 1.684875687819260008e+02 1.686486900874550088e+02 1.854412300803440132e+02 1.833698399861650046e+02 1.798856557210289964e+02 5.542756237724260160e+01 9.777007081773550112e+01 1.484812365687170086e+02 1.550483608245849894e+02 1.808663749694819955e+02 1.740681484289339949e+02 6.593435038851019669e+01 1.376248190267639870e+02 1.770135311258250113e+02 1.687154554980980095e+02 1.913536097208659896e+02 0.000000000000000000e+00 0.000000000000000000e+00 0.000000000000000000e+00 0.000000000000000000e+00 0.000000000000000000e+00 0.000000000000000000e+00 0.000000000000000000e+00 1.737172764369420008e+02 0.000000000000000000e+00 0.000000000000000000e+00 1.784390983581540127e+02 1.956755243937170121e+02 0.000000000000000000e+00 0.000000000000000000e+00 0.000000000000000000e+00 0.000000000000000000e+00 1.887664413452149859e+02 0.000000000000000000e+00 0.000000000000000000e+00 2.005969524383540090e+02 1.841408996582030113e+02 0.000000000000000000e+00 1.684371643066409945e+02 2.170367736816409945e+02 0.000000000000000000e+00 0.000000000000000000e+00 0.000000000000000000e+00 1.307518463134769888e+02 1.903341217041019888e+02 1.658455012003580009e+02 0.000000000000000000e+00 1.947741622924800140e+02 2.029004440307620030e+02 1.831542510986330115e+02 0.000000000000000000e+00 0.000000000000000000e+00 2.083942184448239914e+02 2.188298263549800140e+02 0.000000000000000000e+00 1.367044631182139938e+02 1.638361155192060039e+02
9.257170545592789779e+01 3.121996457056510010e+01 7.569184438989910291e+01 0.000000000000000000e+00 2.387352597020899836e+01 7.257204208552700209e+01 3.365400684169649992e+01 3.589436576964020276e+01 7.796508320369669320e+01 1.400649882297890088e+02 1.721168737411499876e+02 1.978885574340820028e+02 1.929625636509489937e+02 1.938734601338699974e+02 2.009660203721790026e+02 4.225564029107349739e+01 1.818385543823239914e+02 1.394529271806989925e+02 0.000000000000000000e+00 1.864123229980469887e+02 1.847146584647040015e+02 2.049844982440650085e+02 2.007468087332590017e+02 1.795364456176760086e+02 1.158886383525489947e+02 1.771740309397380031e+02 1.950958260430230098e+02 2.025256042480469887e+02 0.000000000000000000e+00 2.084762954711910083e+02 1.766737844981840055e+02 1.350944863360070087e+02 1.158802771531899936e+02 1.742968635559080042e+02 2.012594880603610079e+02 1.270616055765460004e+02 1.246349512735999951e+02 1.317047927668070031e+02 1.312098623264340063e+02 1.561316757202149859e+02 1.610895641226520070e+02 1.680498233752300052e+02 1.877540462637720111e+02 1.962815687391490087e+02 1.926515811496309993e+02 2.027659628731859982e+02 1.941244835486780005e+02 1.984319995382560080e+02 9.459838297175269872e+01 1.543186447708690139e+02 1.894668110438759925e+02 1.871215954484609938e+02 1.859228282863809909e+02 1.795256892756410139e+02 1.737455298105880104e+02 1.590347342928830017e+02 1.761775523770240000e+02 1.726545197218989927e+02 1.998763243022719962e+02 0.000000000000000000e+00 0.000000000000000000e+00 0.000000000000000000e+00 0.000000000000000000e+00 0.000000000000000000e+00 0.000000000000000000e+00 1.668753051757809942e+02 1.776125488281250000e+02 0.000000000000000000e+00 1.433114166259769888e+02 1.719210551226580037e+02 2.026012573242190058e+02 0.000000000000000000e+00 0.000000000000000000e+00 1.895828094482419885e+02 1.501888427734380116e+02 1.975564361572270116e+02 0.000000000000000000e+00 2.076590881347659945e+02 2.219258306166709929e+02 2.126223271949999969e+02 1.951675300598139984e+02 1.762393900553389869e+02 2.332480773925780113e+02 0.000000000000000000e+00 0.000000000000000000e+00 0.000000000000000000e+00 1.504800720214840055e+02 2.109530105590820028e+02 1.579176901933919908e+02 1.792494099934899907e+02 2.045115868704660045e+02 2.131910302298410045e+02 2.009475875854490141e+02 2.266061553955080115e+02 0.000000000000000000e+00 2.248810806274410083e+02 2.316802139282229973e+02 0.000000000000000000e+00 1.374576891512479904e+02 1.553077912764119901e+02
8.847455926782940594e+01 2.455737716544420124e+01 2.534868550645979823e+01 2.387352597020899836e+01 0.000000000000000000e+00 3.235644169028019945e+01 1.123781919412679997e+02 2.979672760820810140e+01 2.504927280285300029e+01 1.417074521130849973e+02 1.702218399047850141e+02 1.987687021891279926e+02 1.948368988037109943e+02 1.986414184570309942e+02 2.038663533528649907e+02 9.971323738178010387e+01 1.755213521321610131e+02 1.543427253856989978e+02 0.000000000000000000e+00 1.884192064073349968e+02 1.903985443115230112e+02 2.073974184308729889e+02 2.029450513054339922e+02 1.815323297409780139e+02 1.172246227074300009e+02 1.762936619349889895e+02 1.936221340013590009e+02 1.983542994449009882e+02 0.000000000000000000e+00 2.083441558837890000e+02 1.733450846611700058e+02 1.322122558030029893e+02 1.170974779996000024e+02 1.768672499223189902e+02 2.008701366848420093e+02 1.283180293491909936e+02 1.269523468017579972e+02 1.318753881514199975e+02 1.350955501641169860e+02 1.597060023716520050e+02 1.692347523759050034e+02 1.653045965791480114e+02 1.857262377469039905e+02 1.925330427453870072e+02 1.898657729690139888e+02 2.020212997243370125e+02 1.984900122748479987e+02 1.991143341064449999e+02 8.437561252117160393e+01 1.463636936691569872e+02 1.776219092475039929e+02 1.593703028727800017e+02 1.813923101273790053e+02 1.571409504387569882e+02 8.912587800983060049e+01 1.494999512018430039e+02 1.725961918757510034e+02 1.627003912751569885e+02 1.996197276868319932e+02 0.000000000000000000e+00 0.000000000000000000e+00 0.000000000000000000e+00 0.000000000000000000e+00 0.000000000000000000e+00 0.000000000000000000e+00 0.000000000000000000e+00 1.776762167612710073e+02 0.000000000000000000e+00 0.000000000000000000e+00 1.704237219769019873e+02 2.016810493469239987e+02 0.000000000000000000e+00 0.000000000000000000e+00 1.873273620605469887e+02 0.000000000000000000e+00 1.944513001875440068e+02 0.000000000000000000e+00 2.047295902797150120e+02 2.130004119873050001e+02 2.018064070356649893e+02 1.905022277832030113e+02 1.774366327921549953e+02 2.281801242828369993e+02 0.000000000000000000e+00 0.000000000000000000e+00 0.000000000000000000e+00 1.499988354274200049e+02 2.100322647094729973e+02 1.552807766911109866e+02 1.780876932144169871e+02 1.971950378417969887e+02 2.052112067482690065e+02 1.990794124603270063e+02 2.173436170305519965e+02 0.000000000000000000e+00 2.231733200073240084e+02 2.307176437377929972e+02 0.000000000000000000e+00 1.329506718562199978e+02 1.538241140192210139e+02
3.836676063863340147e+01 5.802982657759449836e+01 2.387524043465739965e+01 7.257204208552700209e+01 3.235644169028019945e+01 0.000000000000000000e+00 1.102214625814689981e+02 5.781944660121389745e+01 2.572374993341750127e+01 1.255958885945059933e+02 1.174140853881840059e+02 1.736478535970049961e+02 1.601525573730469887e+02 1.666661148071289915e+02 1.271731041802299984e+02 9.935962438921559681e+01 0.000000000000000000e+00 9.112452164342849414e+01 0.000000000000000000e+00 1.153005170822140002e+02 1.632240804036460133e+02 1.881274871826169885e+02 1.788053436279300001e+02 1.447800140380859943e+02 1.210325848561409998e+02 1.667251383463539867e+02 1.778978195190429972e+02 1.117941228307859944e+02 1.244386978149409941e+02 1.254016563892359954e+02 1.643985564349449930e+02 9.998585413185510617e+01 1.168756154704300059e+02 1.208356316306369962e+02 1.856092351277669934e+02 5.647653907004030316e+01 5.749847849932579891e+01 1.313027713723379861e+02 1.349104724640540098e+02 1.428023855421280075e+02 1.342788624763489906e+02 1.582763235238880100e+02 1.779935256774170114e+02 1.479606414794920113e+02 1.808915113969279957e+02 1.565860167283279907e+02 1.815761413574219887e+02 1.715410512288410132e+02 2.318617547978579907e+01 5.661883307061650328e+01 1.466659140586849901e+02 1.408467852004029908e+02 1.664303552693330062e+02 1.536281026642899974e+02 6.990983577329450327e+01 1.113567367785539943e+02 1.542618084946120121e+02 1.389500876430689971e+02 1.775125839233400029e+02 0.000000000000000000e+00 0.000000000000000000e+00 0.000000000000000000e+00 0.000000000000000000e+00 0.000000000000000000e+00 1.078475646972659945e+02 1.343904088338219935e+02 1.617109485202369967e+02 0.000000000000000000e+00 1.066497230529789988e+02 1.491449518355109944e+02 1.440948333740230112e+02 0.000000000000000000e+00 0.000000000000000000e+00 1.607962646484380116e+02 1.287236480712890057e+02 1.816819540170519929e+02 1.105315828323359995e+02 1.681022938319619868e+02 2.077728780110680020e+02 1.824231900395569994e+02 1.437310283885279887e+02 1.550166503906249886e+02 2.189866994222010135e+02 0.000000000000000000e+00 1.890994415283199999e+02 1.619415740966800001e+02 9.109040042332239295e+01 1.750303988986549939e+02 1.308616236029729976e+02 1.315587107340489865e+02 1.878419480757279985e+02 1.953011965070450060e+02 1.823548634847010135e+02 2.061501892089839885e+02 1.687780303955080115e+02 2.071693929036460133e+02 2.018791539118840035e+02 1.718880691528320028e+02 1.081023997157069942e+02 1.222501548167030023e+02
7.587333272403699880e+01 6.620642127187400661e+01 7.645296833731910624e+01 3.365400684169649992e+01 1.123781919412679997e+02 1.102214625814689981e+02 0.000000000000000000e+00 3.753950950089829774e+01 7.896226392216240697e+01 1.162502937869750070e+02 1.314851446151729988e+02 1.437518100273319988e+02 1.159506463809889993e+02 1.144892972489480059e+02 1.475669193267819992e+02 3.958786507980949665e+01 1.150766002110070048e+02 6.294552327440929673e+01 1.026258256094800032e+02 1.253806233899349962e+02 1.136575267791750008e+02 1.349466179089669993e+02 1.336436548448149892e+02 1.131532117298669959e+02 1.050398242478009934e+02 1.557600172482999881e+02 1.669115433869540084e+02 1.789725494384769888e+02 1.284013824462890057e+02 1.592576189041139969e+02 1.621172669293129900e+02 1.128570473821229996e+02 8.783506635737450097e+01 9.365537183934989685e+01 1.529816111025600094e+02 9.719605479993319364e+01 1.098887672424319959e+02 1.151913340160890016e+02 9.802265776855860224e+01 3.306477821273799833e+01 4.239623951404259827e+01 1.535253210356740112e+02 1.695667525028839862e+02 1.822185516357419885e+02 1.780003468527719974e+02 1.829373674894630142e+02 1.298361918349619941e+02 1.464808425903320028e+02 9.728933497837610389e+01 1.227213331523689988e+02 1.810072894096369964e+02 1.805056994628909877e+02 1.780368699293869952e+02 1.803130979316179889e+02 1.738670066833500130e+02 1.593247200460990030e+02 1.722438140869140000e+02 1.707597377950490056e+02 1.853561472211569878e+02 0.000000000000000000e+00 0.000000000000000000e+00 0.000000000000000000e+00 0.000000000000000000e+00 0.000000000000000000e+00 1.574475524902339885e+02 1.811565363266890074e+02 1.696833629608150034e+02 0.000000000000000000e+00 1.457604904174800140e+02 1.672552748970360028e+02 1.738985687255859887e+02 1.941182327270510086e+02 1.859014968872070028e+02 1.692452972412110057e+02 1.574095764160159945e+02 1.883251495361330115e+02 1.594826304117839868e+02 1.883555450439449999e+02 2.108813056945799929e+02 2.039545031095809975e+02 1.681241760253909945e+02 1.665473690032960121e+02 2.255721206665039915e+02 0.000000000000000000e+00 2.038641929626460012e+02 1.936059163411460133e+02 1.320855585734049953e+02 1.966864940936750088e+02 1.571403929276899873e+02 1.564786453247070028e+02 1.930397847493489962e+02 1.997612457275390057e+02 1.852466464572480049e+02 2.039056584975299984e+02 0.000000000000000000e+00 2.164337520599370066e+02 2.130827115686929858e+02 1.963418896992999976e+02 1.368067494710290077e+02 1.503596755318019973e+02
9.134294432082100457e+01 6.333531363039129758e+01 7.595622731545219608e+01 3.589436576964020276e+01 2.979672760820810140e+01 5.781944660121389745e+01 3.753950950089829774e+01 0.000000000000000000e+00 3.112458715942799969e+01 1.166568710764600070e+02 1.364811205182759863e+02 1.711924847131490139e+02 1.557335764567060039e+02 1.426411590576169885e+02 1.565030677795409986e+02 6.640335201579489421e+01 1.545471417236329899e+02 3.915831582469849792e+01 1.254202702840169934e+02 1.141747872019920038e+02 1.272994171945669990e+02 1.760762063103749995e+02 1.496204799305309905e+02 1.475498595724299946e+02 1.104502459372239969e+02 1.753605675815549887e+02 1.803949918746949947e+02 1.869426491477269963e+02 1.470307933262419908e+02 1.703441874186200096e+02 1.781123465954420055e+02 1.340744343501519893e+02 1.145355399563040066e+02 8.614006922872439986e+01 1.802152796615789896e+02 7.227166595520120040e+01 9.758600382486980607e+01 1.263909135444330047e+02 1.156959997785139933e+02 1.242805527443109952e+02 7.043406350018210560e+01 1.683161355798889929e+02 1.870782391974269956e+02 1.956445293426509977e+02 1.927251915685909864e+02 1.964112974802650058e+02 1.500082206951800003e+02 1.567715623643659910e+02 7.083840045434820354e+01 1.069937119648370043e+02 1.836910289219449908e+02 1.819423844473699887e+02 1.795126421379320050e+02 1.735074277396819866e+02 1.645452339325719890e+02 1.501731317811089923e+02 1.682922997328199983e+02 1.628198899229369943e+02 1.909086132049559978e+02 1.564531666682320008e+02 0.000000000000000000e+00 0.000000000000000000e+00 0.000000000000000000e+00 1.694125518798830115e+02 1.765526533126829918e+02 1.824981312471279864e+02 1.702063568859570069e+02 0.000000000000000000e+00 1.712196044921880116e+02 1.620331057924209972e+02 1.759675740750039949e+02 2.010895919799800140e+02 1.919888583096590082e+02 1.884057676527239948e+02 1.849757232666019888e+02 1.920945101651280140e+02 1.649061976841520050e+02 1.940227684607870060e+02 2.261341696346509877e+02 2.073832015991210085e+02 1.813773762629579949e+02 1.687250374868409892e+02 2.350123779296870055e+02 0.000000000000000000e+00 2.138666534423830115e+02 2.031618423461910083e+02 1.309308298896339977e+02 2.009641361236569992e+02 1.469427684701279873e+02 1.773924001057939961e+02 1.992110678932880035e+02 2.056805781829050090e+02 1.944259140014650029e+02 2.246772785186770136e+02 2.226668548583980112e+02 2.226868194580079887e+02 2.206175173245939902e+02 2.045550537109380116e+02 1.262879212478109991e+02 1.417068970897209965e+02
8.588030596746909850e+01 7.808353260081750591e+01 5.918377585164139987e+01 7.796508320369669320e+01 2.504927280285300029e+01 2.572374993341750127e+01 7.896226392216240697e+01 3.112458715942799969e+01 0.000000000000000000e+00 1.178468938657379965e+02 1.331737314860029926e+02 1.714201660156250000e+02 1.635982482910160059e+02 1.574855524698890008e+02 1.558933812459310104e+02 9.632515189403619615e+01 1.505359802246090055e+02 4.754954921919969735e+01 1.127781734466550034e+02 1.090214655949520051e+02 1.398813429612380048e+02 1.843851127624510013e+02 1.587386979323169953e+02 1.454537455240889869e+02 1.150147058650619982e+02 1.812760242662930068e+02 1.878991556167599981e+02 1.649303398132319955e+02 1.161369031270349979e+02 1.677007171630860114e+02 1.847285180342819899e+02 1.345918055230519883e+02 1.250130241745190034e+02 8.692329043876830497e+01 1.904805145263669885e+02 3.412061096203059662e+01 8.146040906906129919e+01 1.334263223276900021e+02 1.211739806130290020e+02 1.321080636417160008e+02 1.038371153171249972e+02 1.750998964309690109e+02 1.941447017415360108e+02 1.965241394042969887e+02 1.998142388237849900e+02 2.010717718941820067e+02 1.626016349792479900e+02 1.604858103434239922e+02 4.336304541315419669e+01 7.838368231217489779e+01 1.752831457037669907e+02 1.722311328750060113e+02 1.741372975925939954e+02 1.666542530041350005e+02 1.373798526109050044e+02 1.389587329304989964e+02 1.609410072683589874e+02 1.519610748367310009e+02 1.867591461830949982e+02 1.343231353759769888e+02 0.000000000000000000e+00 0.000000000000000000e+00 0.000000000000000000e+00 0.000000000000000000e+00 1.645388234456380019e+02 1.760928039550780113e+02 1.646420420328780096e+02 0.000000000000000000e+00 1.602989044189449999e+02 1.544782967170079928e+02 1.698676361083979884e+02 1.922784652709960085e+02 1.831953125000000000e+02 1.831396313835589922e+02 1.782373199462890057e+02 1.884641158492480031e+02 1.511643763950889934e+02 1.924411621093750000e+02 2.250513656616209914e+02 2.008413748942629979e+02 1.740799226306729963e+02 1.626549504597979876e+02 2.324042236328120055e+02 0.000000000000000000e+00 0.000000000000000000e+00 1.936605529785159945e+02 1.197609458336460051e+02 1.912506160736080005e+02 1.373130252299339986e+02 1.686316016060970071e+02 1.952845626831050083e+02 2.028778302510579863e+02 1.910257423802430026e+02 2.206600783498660121e+02 2.126999435424800140e+02 2.175404205322269888e+02 2.153012237548830115e+02 1.856360778808590055e+02 1.174984295991550027e+02 1.324496067592079953e+02
1.374841640077789862e+02 1.462556976810579954e+02 1.468838529586790003e+02 1.400649882297890088e+02 1.417074521130849973e+02 1.255958885945059933e+02 1.162502937869750070e+02 1.166568710764600070e+02 1.178468938657379965e+02 0.000000000000000000e+00 3.034165221449629968e+01 5.465288455662589939e+01 1.175228931773790038e+02 1.271887224435809998e+02 1.239008612178620012e+02 1.276542812996719931e+02 9.084611438172639453e+01 1.023688810658590000e+02 1.128509943448579946e+02 1.038414051108159981e+02 1.003571425786630016e+02 1.116848075957530000e+02 1.474044811942360127e+02 4.332830033037399886e+01 4.400963273700139666e+01 1.026401917866299982e+02 1.614962230481600045e+02 1.576457214355469887e+02 1.136007408373280043e+02 1.552840780338769946e+02 1.742441968050870003e+02 1.334114162639039876e+02 1.228759368223300044e+02 1.017154254550290062e+02 1.368544156047929903e+02 1.055610043706119967e+02 9.262552083771799971e+01 4.603427454971750166e+01 4.229362063403659988e+01 4.101258869442249733e+01 9.577873656220759813e+01 1.355025350843160084e+02 1.272619007038619969e+02 1.845167999267580115e+02 1.727998580932620030e+02 1.608470497131349930e+02 1.533600588428730020e+02 1.569407000732419988e+02 1.020323689109399936e+02 1.023425206723420047e+02 1.901366683959959971e+02 2.024084045410160115e+02 1.888082580566409945e+02 2.032449273003470012e+02 1.957910074087290013e+02 1.740645999250739919e+02 1.878126229180230098e+02 1.898682074913610052e+02 1.726865555445349969e+02 1.569333318074540102e+02 1.751890686035160059e+02 1.633686650594079879e+02 1.638538513183590055e+02 1.618475723266600141e+02 1.480184327879950104e+02 1.577305727358219940e+02 1.802537914457780062e+02 1.476054191589360016e+02 1.535911178588870030e+02 1.661056388433729865e+02 1.520092878700199890e+02 1.968696053822839929e+02 1.901541769845150043e+02 1.692051413399829869e+02 1.578534561683389938e+02 1.823420060320599987e+02 1.383505625724789923e+02 1.912667291259770082e+02 1.918287963867190058e+02 2.092060508728029902e+02 1.579269981384279902e+02 1.699603207236839921e+02 2.083163375854489914e+02 1.960820159912109943e+02 1.947852630615230112e+02 1.942726745605469887e+02 1.153410951264049942e+02 1.895721842447919983e+02 1.544113993346689995e+02 1.620882644653320028e+02 1.902497411267509904e+02 1.970057120689980081e+02 1.791821441650390057e+02 2.120682773590089880e+02 2.018098144531250000e+02 2.028455403645830017e+02 2.019202750877099959e+02 1.950881231689450033e+02 1.487804393394320073e+02 1.443522075414659867e+02
1.362187347412109943e+02 1.723120971679690001e+02 1.434025573730469887e+02 1.721168737411499876e+02 1.702218399047850141e+02 1.174140853881840059e+02 1.314851446151729988e+02 1.364811205182759863e+02 1.331737314860029926e+02 3.034165221449629968e+01 0.000000000000000000e+00 2.665630792545820071e+01 7.322524263904350050e+01 8.056222115863450028e+01 8.959641371634890561e+01 1.311692589653860068e+02 6.374709513101230129e+01 9.293472674813600065e+01 7.886384764451250362e+01 9.604419160500549424e+01 8.062584429818230092e+01 8.818548265437489420e+01 1.108139113471620050e+02 5.407671058149220045e+01 3.115565457515830161e+01 3.737261880319049823e+01 1.327461738586430045e+02 1.266820252736410026e+02 9.184172948201499764e+01 1.222243802975389997e+02 1.440013758341470123e+02 1.237069817543030013e+02 1.194162854281340032e+02 9.738561365227950262e+01 1.292188499450680013e+02 1.098102296617300055e+02 8.705638885498049717e+01 9.611654517132299702e+01 8.986315337522529489e+01 8.944359153249989447e+01 1.076653558070359935e+02 9.588315257319699469e+01 1.071631494835960012e+02 0.000000000000000000e+00 1.447782990305049964e+02 1.315025922335109954e+02 1.264202217102049985e+02 1.253581352233889987e+02 1.048646612167359962e+02 1.036409819676329960e+02 0.000000000000000000e+00 0.000000000000000000e+00 0.000000000000000000e+00 0.000000000000000000e+00 0.000000000000000000e+00 0.000000000000000000e+00 0.000000000000000000e+00 1.626050415039059942e+02 1.570637664794919885e+02 0.000000000000000000e+00 0.000000000000000000e+00 0.000000000000000000e+00 0.000000000000000000e+00 1.159063796997070028e+02 1.341967926025390057e+02 1.455014624344680101e+02 0.000000000000000000e+00 0.000000000000000000e+00 1.157146316528319971e+02 1.639310863719269946e+02 1.495779312133790029e+02 1.638095855712890057e+02 1.569292144775390057e+02 1.285932678222660002e+02 1.316212005615230112e+02 1.577376098632809942e+02 1.270021221160889979e+02 1.642472933959959960e+02 0.000000000000000000e+00 0.000000000000000000e+00 1.435664863586430045e+02 1.431652336120610016e+02 0.000000000000000000e+00 0.000000000000000000e+00 0.000000000000000000e+00 1.532392272949219887e+02 1.019087352752689952e+02 1.576038614908850093e+02 1.513219184875489987e+02 0.000000000000000000e+00 1.645361709594729973e+02 0.000000000000000000e+00 1.539610083443780013e+02 0.000000000000000000e+00 0.000000000000000000e+00 0.000000000000000000e+00 1.776862106323239914e+02 1.613980102539059942e+02 1.121575965881349930e+02 1.384386571248369933e+02
1.716097717285159945e+02 1.941929601033529877e+02 1.878447926839189961e+02 1.978885574340820028e+02 1.987687021891279926e+02 1.736478535970049961e+02 1.437518100273319988e+02 1.711924847131490139e+02 1.714201660156250000e+02 5.465288455662589939e+01 2.665630792545820071e+01 0.000000000000000000e+00 3.279713609132180352e+01 8.797963778256290368e+01 9.826124597051340004e+01 1.347111337123770056e+02 4.115551325092359747e+01 1.220783284402660058e+02 7.882001130921500476e+01 1.238827613974520006e+02 1.059929079408539963e+02 4.415484188196570159e+01 9.212994226108899909e+01 4.423685873399880109e+01 6.238726065368310003e+01 3.905120181283889735e+01 1.351341254340279932e+02 1.183954190340910060e+02 1.141135826110839986e+02 9.313846223503119859e+01 1.760281168619789867e+02 1.461965563374180022e+02 1.262069032103400019e+02 8.952242863735310152e+01 1.250980308934259995e+02 1.431200618228400003e+02 1.014657159693099970e+02 1.266763343224159968e+02 1.073982221014710063e+02 1.025725502071220063e+02 1.133740201613479996e+02 1.029812810000250067e+02 1.079205949991060010e+02 1.622279861450199974e+02 1.552634436565899989e+02 1.294427441683679945e+02 1.172807991352489978e+02 1.178555877685549973e+02 1.448106015523270003e+02 1.366569849650070125e+02 0.000000000000000000e+00 0.000000000000000000e+00 1.674893646240230112e+02 0.000000000000000000e+00 0.000000000000000000e+00 0.000000000000000000e+00 0.000000000000000000e+00 1.786345977783199999e+02 1.716793860158610130e+02 1.133018722534179972e+02 1.525038851224460075e+02 1.464955024719239987e+02 1.373522008260090104e+02 1.520400713407080104e+02 1.500113234519959917e+02 1.442978758486160018e+02 1.813267860412599930e+02 1.362355194091800001e+02 1.573902537027989865e+02 1.792717107137040102e+02 1.611219130684349921e+02 1.545517716180710011e+02 1.423255228842459985e+02 1.641723678588869859e+02 1.541339794794720035e+02 1.712139015197749927e+02 1.378069343566889984e+02 1.378436999437290069e+02 0.000000000000000000e+00 0.000000000000000000e+00 1.652548237553349963e+02 1.837333831787109943e+02 1.866270701090489865e+02 1.795175201416020059e+02 1.778003082275390057e+02 1.534302902221679972e+02 1.139507904052729970e+02 1.454322692608010072e+02 1.648301583223559987e+02 1.645683542887369981e+02 1.905891167776929933e+02 1.712137298583980112e+02 1.753941802978519888e+02 0.000000000000000000e+00 1.765943641662599930e+02 1.845476455688479973e+02 1.735138533455989887e+02 1.603102346147809953e+02 1.463064895629879913e+02 1.581305660671660007e+02
1.494445209503170133e+02 1.880352749294700061e+02 1.799941825866700071e+02 1.929625636509489937e+02 1.948368988037109943e+02 1.601525573730469887e+02 1.159506463809889993e+02 1.557335764567060039e+02 1.635982482910160059e+02 1.175228931773790038e+02 7.322524263904350050e+01 3.279713609132180352e+01 0.000000000000000000e+00 4.565029354729900035e+01 8.838911814882659712e+01 1.176506848783569978e+02 4.048750572589789698e+01 1.061433579740470066e+02 6.769674124841709784e+01 1.303374879837039941e+02 9.797501661300660203e+01 3.676073736358849686e+01 5.913994601894079750e+01 8.096401592365749877e+01 8.855251664317130178e+01 9.037311094352999419e+01 1.340337473551429923e+02 1.192854136931590006e+02 1.207133585611980067e+02 9.282018352260250538e+01 1.942766614641460023e+02 1.577456013749290094e+02 1.262432037320239999e+02 8.397586842821789332e+01 1.097804262978689991e+02 1.436347497304280125e+02 9.402181280812909847e+01 1.526618089758829910e+02 1.213527901543509984e+02 1.109754236193670067e+02 9.987058435243319821e+01 1.336478080749510013e+02 1.277735137939449999e+02 1.427156829833980112e+02 1.676118649934470000e+02 1.415634647237839943e+02 7.781815148516240299e+01 1.179232008934019973e+02 1.369954633712769976e+02 1.403323123638450056e+02 0.000000000000000000e+00 0.000000000000000000e+00 1.781986541748050001e+02 0.000000000000000000e+00 0.000000000000000000e+00 0.000000000000000000e+00 0.000000000000000000e+00 1.493177947998050001e+02 1.773116989135739914e+02 0.000000000000000000e+00 1.417663179670059890e+02 1.315219400095390085e+02 1.201101978008559996e+02 1.330650584572240120e+02 1.557420018514000049e+02 1.242142281246620001e+02 1.775170440673830115e+02 1.401792497634889969e+02 1.635367065429690001e+02 1.807059618632000024e+02 1.644233076372219955e+02 1.338556610743200110e+02 1.240275532404580048e+02 1.567958272298180020e+02 1.588023579915360131e+02 1.628521677652989865e+02 1.265244951248169940e+02 1.219579156792679981e+02 0.000000000000000000e+00 0.000000000000000000e+00 1.718523330688479973e+02 1.770901718139649859e+02 1.650444335937500000e+02 1.654830169677730112e+02 1.694321645100910132e+02 1.418417791886760142e+02 1.052597415924069963e+02 1.293983951144749938e+02 1.692992560250420127e+02 1.630290473489199883e+02 1.919782028198239914e+02 0.000000000000000000e+00 1.783701782226559942e+02 0.000000000000000000e+00 1.633491668701169885e+02 1.360041809082030113e+02 1.681343013218470048e+02 1.556721158708839994e+02 1.324102172851559942e+02 1.621433486938479973e+02
1.453590534434599988e+02 1.884764251708980112e+02 1.725120544433590055e+02 1.938734601338699974e+02 1.986414184570309942e+02 1.666661148071289915e+02 1.144892972489480059e+02 1.426411590576169885e+02 1.574855524698890008e+02 1.271887224435809998e+02 8.056222115863450028e+01 8.797963778256290368e+01 4.565029354729900035e+01 0.000000000000000000e+00 4.190167537405319820e+01 1.235223667310630020e+02 4.984705649039189979e+01 8.534501767220540103e+01 3.215984655813480231e+01 1.274795722651289935e+02 4.622689280388709676e+01 8.011342358883860015e+01 4.366681645480169749e+01 9.826429942899220293e+01 8.688817316538130342e+01 1.009161683387360000e+02 1.228836619657629967e+02 1.391322855949399866e+02 1.255483449300130019e+02 1.040381538255730050e+02 1.838787567138670056e+02 1.600869226700220054e+02 1.483985490426009903e+02 8.115795063730189440e+01 1.150358861029690019e+02 1.481340637207030113e+02 9.827324795722960005e+01 1.660500703065289940e+02 1.517945370483400040e+02 1.306035995483399859e+02 9.521665996536469834e+01 1.251437311641510064e+02 1.230338941186350041e+02 1.716179103851320065e+02 1.514310997378439936e+02 1.387249105613649931e+02 7.865677231630459687e+01 8.829858292473690540e+01 1.618201503753660120e+02 1.626829266018339979e+02 0.000000000000000000e+00 0.000000000000000000e+00 1.859911956787109943e+02 0.000000000000000000e+00 0.000000000000000000e+00 0.000000000000000000e+00 1.692371673583980112e+02 1.727913055419919885e+02 1.613723403930659970e+02 1.347900899251299904e+02 1.496473034449990109e+02 1.342797775268550140e+02 1.223233168152560069e+02 1.324797577563630000e+02 1.435423234451650103e+02 1.233380364998070036e+02 1.808114967346189985e+02 1.393563887278239974e+02 1.581725000452109953e+02 1.709036317713120070e+02 1.501461770738870030e+02 1.425141355453000074e+02 1.286019458178409991e+02 1.617292226155599906e+02 1.463081546020509904e+02 1.694024810791019888e+02 1.200295061383930033e+02 1.304969926940700020e+02 0.000000000000000000e+00 1.902537078857419885e+02 1.602415639241540077e+02 1.771923484802250073e+02 2.023044026692710133e+02 1.879634791782920047e+02 1.864644934336340043e+02 1.557100742128160107e+02 1.037057266235349999e+02 1.545430704199750096e+02 1.537273033142089957e+02 1.683264251708980055e+02 1.878088577270509916e+02 1.757339134216310015e+02 1.709956537882490011e+02 0.000000000000000000e+00 1.891720326741539964e+02 1.960958786010739914e+02 1.774728039012240117e+02 1.651838153203329966e+02 1.395250396728519888e+02 1.499213163587780002e+02
1.413076289783820130e+02 2.016331634521480112e+02 1.707941843668619981e+02 2.009660203721790026e+02 2.038663533528649907e+02 1.271731041802299984e+02 1.475669193267819992e+02 1.565030677795409986e+02 1.558933812459310104e+02 1.239008612178620012e+02 8.959641371634890561e+01 9.826124597051340004e+01 8.838911814882659712e+01 4.190167537405319820e+01 0.000000000000000000e+00 1.605112279256179875e+02 8.989101412156050230e+01 9.139159546796010147e+01 8.740819454193119498e+01 7.516718706541550432e+01 3.921082330753650069e+01 1.001845232556560035e+02 4.518094294819729839e+01 1.044189431650659969e+02 9.574568886772229348e+01 1.090780424941430056e+02 1.345354043787179990e+02 3.612183473213200102e+01 2.955900468407029891e+01 4.073323132549540304e+01 1.601016567454620088e+02 1.692606397356310026e+02 1.730192433109990020e+02 1.068068316635580004e+02 1.271815997268210054e+02 1.141074612140660065e+02 4.445339065858689764e+01 1.722886773133890017e+02 1.618728687579819905e+02 1.567838550914420068e+02 1.198696279882140061e+02 1.315560648991510106e+02 1.288221946258809965e+02 1.260309694742099964e+02 1.573119816027189870e+02 1.238733273877039949e+02 1.053903638241680056e+02 1.067968900986300014e+02 1.067808540076539998e+02 7.940356412954560028e+01 1.731256088256839973e+02 1.848390426635739914e+02 1.877923482259110131e+02 2.061085281372070028e+02 0.000000000000000000e+00 1.332130584716800001e+02 1.784633004324780075e+02 1.824899503267729983e+02 1.535228672027589880e+02 1.429742315292359933e+02 1.434421323140460061e+02 1.292775196912809861e+02 1.140069423620859936e+02 1.260089634789359962e+02 1.378807161552959997e+02 1.114081760669610048e+02 1.772641642252600036e+02 1.375805699666339876e+02 1.558952707143930070e+02 1.602690027025010124e+02 1.367759336179109937e+02 1.286972609825309917e+02 1.161893903453619998e+02 1.641932527919020117e+02 1.415345983129790000e+02 1.574131711041490007e+02 1.041245379133479929e+02 1.065370979374429936e+02 1.989932647705080058e+02 2.015547210693360114e+02 1.530387410702909960e+02 1.714909081092249892e+02 1.978720219930009989e+02 1.790874114990230055e+02 1.769592410000890084e+02 1.405964547590780001e+02 7.644406252110259459e+01 1.022481857200839954e+02 1.303714917849189874e+02 1.721398439407350054e+02 1.839651481226869976e+02 1.885600891113280113e+02 1.698772300951409875e+02 1.918407033284510135e+02 1.826665520919000016e+02 1.862566184997560015e+02 1.543689680516920077e+02 1.492849915267640029e+02 1.305619376046319928e+02 1.271882543304089950e+02
3.653913425481250243e+01 3.479190478962910049e+01 5.175515715289890295e+01 4.225564029107349739e+01 9.971323738178010387e+01 9.935962438921559681e+01 3.958786507980949665e+01 6.640335201579489421e+01 9.632515189403619615e+01 1.276542812996719931e+02 1.311692589653860068e+02 1.347111337123770056e+02 1.176506848783569978e+02 1.235223667310630020e+02 1.605112279256179875e+02 0.000000000000000000e+00 1.167592671712239962e+02 9.295990722869079548e+01 1.139845530192060039e+02 1.277327506570260027e+02 1.256904091540680071e+02 1.312454859614369980e+02 1.412532975191899993e+02 1.026886911909709994e+02 1.234872705736229932e+02 1.486132420466499866e+02 1.707076012460809977e+02 1.756658683189980081e+02 1.708036880493160083e+02 1.596684382351959925e+02 1.552631089346749889e+02 6.643078430328159811e+01 3.573520183548389895e+01 1.050468440200340012e+02 1.495293899671970053e+02 1.071690765271350045e+02 1.048451619829450010e+02 1.224681006077209986e+02 9.994008099731560435e+01 4.763219779194640324e+01 6.978065029014730669e+01 1.540423939861829865e+02 1.620784897302330023e+02 1.767936019897460085e+02 1.771038278453440000e+02 1.808645309779950026e+02 1.334635084015980055e+02 1.563954104757480081e+02 1.020142312408780043e+02 1.157821598695909984e+02 1.843137664794919885e+02 1.860535513070909985e+02 1.816391220092770027e+02 1.838681101591689924e+02 1.766745910644530113e+02 1.646153456275139888e+02 1.772493035793299896e+02 1.755482203165690009e+02 1.863624521891279926e+02 0.000000000000000000e+00 1.735681457519530113e+02 1.499792480468750000e+02 1.794169921875000000e+02 1.876511430006760008e+02 1.725221813964840010e+02 1.903961583917790108e+02 1.750346454122789908e+02 0.000000000000000000e+00 1.644687576293949860e+02 1.670658688752550063e+02 1.712628354328429907e+02 2.048519643147789964e+02 1.961089862476700034e+02 1.805163879394530113e+02 1.780095872879030026e+02 1.916526667277020124e+02 1.715453233718870081e+02 1.935778187838469933e+02 2.116427663167320077e+02 2.065414409637450035e+02 1.738791758219400094e+02 1.698847236633299929e+02 2.267523990207249938e+02 2.157974395751949999e+02 2.154958648681640057e+02 2.032872772216800001e+02 1.322541154225669970e+02 2.001455522017049873e+02 1.554188718924069974e+02 1.682957763671880116e+02 1.955438423156739987e+02 2.029028488159179915e+02 1.879506276448570077e+02 2.179634704589840055e+02 2.184480667114260086e+02 2.126740534855769909e+02 2.137736053466800001e+02 2.044175545021340099e+02 1.420478296056039937e+02 1.469939232395119859e+02
