0.000000000000000000e+00 0.000000000000000000e+00 1.362456839057840057e+02 1.347865302345969951e+02 0.000000000000000000e+00 1.294685272729699932e+02 4.093405555212110158e+01 8.541959919867579742e+01 1.050280125935869933e+02 1.336556386174380009e+02 1.423272849635069974e+02 1.555646827827069956e+02 1.363991394042969887e+02 3.831241719830089920e+01 1.323095016479489914e+02 1.480674095153810015e+02 1.259845651667170046e+02 1.593563352312359882e+02 1.495586707705539879e+02 1.451672897338870030e+02 1.165331871726299937e+02 1.219005873543879943e+02 1.169294653253240028e+02 1.158222722804290044e+02 0.000000000000000000e+00 1.536942982393150032e+02 1.590664175945780130e+02 1.184951857886489961e+02 3.345855871672159765e+01 5.328549788891410088e+01 1.455608215332030113e+02 1.166750613125889942e+02 8.552432353679949983e+01 1.130484830104939959e+02 0.000000000000000000e+00 0.000000000000000000e+00 1.871308797200520075e+02 0.000000000000000000e+00 0.000000000000000000e+00 0.000000000000000000e+00 1.708461151123050001e+02 1.754342651367190058e+02 1.215386428833009944e+02 1.859880828857419885e+02 0.000000000000000000e+00 0.000000000000000000e+00 0.000000000000000000e+00 1.805882225036619957e+02 0.000000000000000000e+00 1.616006088256839917e+02 0.000000000000000000e+00 0.000000000000000000e+00 0.000000000000000000e+00 0.000000000000000000e+00 1.585120391845699999e+02 1.317535648345950108e+02 1.859987080891930020e+02 1.566290909389279875e+02 0.000000000000000000e+00 2.018613204956050140e+02 1.982907644418569930e+02 1.666831345066879919e+02 1.802033663663000027e+02 1.603802556355790045e+02 0.000000000000000000e+00 0.000000000000000000e+00 0.000000000000000000e+00 1.644765472412109943e+02
0.000000000000000000e+00 0.000000000000000000e+00 1.057620434394249997e+02 1.439759368896480112e+02 1.487180053710939944e+02 1.667415351867680045e+02 1.700335235595699999e+02 1.656694259643550140e+02 8.643944769779730564e+01 1.949483718872070028e+02 6.964299231309159666e+01 1.642319250106810102e+02 5.900942728872829690e+01 1.547937698364260086e+02 1.247422556790440069e+02 7.258137756586070566e+01 8.735679326057430671e+01 1.068506261652169940e+02 9.638490628880380484e+01 1.686451568603519888e+02 1.259634170532229973e+02 3.704152089000510273e+01 1.255333422422410052e+02 9.065801574171780430e+01 2.914631917018190066e+01 9.583156292255110031e+01 3.494326761690359717e+01 1.268562722041690023e+02 1.407783830165859911e+02 1.467465820312500000e+02 8.938727339487229528e+01 1.196254477867710051e+02 1.209693603515620026e+02 8.050867276000980155e+01 0.000000000000000000e+00 3.832719797715439825e+01 1.040435237455899937e+02 0.000000000000000000e+00 0.000000000000000000e+00 0.000000000000000000e+00 1.763434936523439944e+02 1.903857879638669885e+02 1.493601705763070129e+02 1.734977111816409945e+02 1.045820498996310022e+02 0.000000000000000000e+00 1.019459527272440056e+02 1.868410713889379906e+02 1.473013763427730112e+02 1.272118629006779997e+02 1.089226035184640011e+02 1.352234288533529991e+02 1.197479823850240024e+02 0.000000000000000000e+00 1.604871665106880130e+02 8.131057265310579396e+01 1.338710601806639886e+02 1.538352344616039886e+02 7.912853592269270564e+01 1.162890296800599970e+02 9.169331396426410663e+01 1.737207865033830103e+02 1.791262468610489975e+02 1.670735084533689871e+02 1.293363719266999965e+02 0.000000000000000000e+00 0.000000000000000000e+00 1.197547641167270029e+02
1.362456839057840057e+02 1.057620434394249997e+02 0.000000000000000000e+00 1.724498554576530012e+02 1.666018676757809942e+02 1.565603699835180009e+02 1.178288243439239977e+02 1.437193965974950061e+02 1.561385741362699946e+02 1.566112887246270020e+02 1.532861510611870131e+02 1.996544308132600065e+02 1.839936628341669973e+02 1.387884553617190022e+02 1.700070292154950096e+02 1.260951941935220049e+02 5.340183326581320244e+01 1.245429846819710065e+02 9.528193321874590538e+01 1.931055569118919948e+02 8.605806326470980139e+01 1.118304953141650060e+02 4.317549913378270077e+01 1.378755809173119928e+02 1.598869247436520027e+02 4.667640303700750337e+01 4.258715174430999895e+01 1.138003198274480070e+02 1.589999786347090094e+02 1.131599298925210064e+02 1.491967754364009977e+02 1.827246466742620044e+02 1.446727584203080141e+02 9.952457936936819749e+01 1.843611221313479973e+02 1.017068559768350013e+02 1.161017323480949983e+02 0.000000000000000000e+00 0.000000000000000000e+00 2.039344367980959873e+02 1.860539411756730033e+02 2.040926966173900041e+02 1.696847019195560051e+02 2.058663584391279926e+02 1.657057037353519888e+02 0.000000000000000000e+00 1.711438293457030113e+02 1.982751863919770017e+02 1.714696044921880116e+02 1.433945410473100139e+02 1.346056244007860130e+02 1.714199345906579879e+02 1.524473546346029877e+02 0.000000000000000000e+00 1.703954683743990017e+02 1.141659674871540062e+02 1.358577902899849903e+02 1.717863215099679906e+02 1.437480983734130007e+02 1.389115699960399866e+02 1.167056885485529989e+02 1.826991572062169951e+02 2.000725468226839894e+02 1.807490159941879995e+02 1.748376868752870053e+02 0.000000000000000000e+00 1.637786254882809942e+02 1.507978064797140121e+02
1.347865302345969951e+02 1.439759368896480112e+02 1.724498554576530012e+02 0.000000000000000000e+00 1.133575637474490065e+02 1.007276526969280042e+02 9.305982680384890671e+01 1.295114029589470022e+02 6.569758928994130542e+01 2.933212348783370160e+01 1.789038742249269944e+02 5.105124300440579788e+01 1.738003976283930001e+02 1.369810061606629858e+02 8.249264457290240671e+01 0.000000000000000000e+00 1.962178802490230112e+02 1.929341118391170085e+02 1.914024068196609960e+02 1.862810867217089950e+01 1.689198570251460012e+02 1.095851589700450006e+02 1.850928363800049965e+02 2.755335532094240136e+01 1.689364929199219887e+02 1.981475232995069859e+02 1.998678318903999980e+02 2.868397456313140026e+01 1.320257713690519950e+02 1.619044395446780129e+02 2.038463409423829944e+02 1.512739471435550058e+02 1.177689276801220046e+02 1.234201467604860056e+02 1.656317138671880116e+02 1.304732391357420056e+02 0.000000000000000000e+00 1.139807665754249939e+02 1.676825637817379970e+02 1.778943374633790029e+02 1.658157544817240137e+02 1.894520084156710027e+02 1.018673846534489940e+02 1.635877363082560123e+02 2.180387517755679880e+02 1.363703093417859975e+02 1.772346725463870030e+02 2.006872158050539952e+02 1.606145168651229937e+02 0.000000000000000000e+00 0.000000000000000000e+00 1.924973983764649859e+02 0.000000000000000000e+00 1.340296422285890117e+02 0.000000000000000000e+00 1.349562691582569869e+02 1.394299011230469887e+02 1.309373212466340135e+02 0.000000000000000000e+00 2.136257019042969887e+02 2.098339385986330115e+02 1.548092114747030053e+02 1.978460126604350080e+02 1.829508247375489987e+02 0.000000000000000000e+00 1.955314025878909945e+02 1.669728139241539964e+02 1.903564338684080042e+02
0.000000000000000000e+00 1.487180053710939944e+02 1.666018676757809942e+02 1.133575637474490065e+02 0.000000000000000000e+00 2.814765311381770019e+01 1.309291978836060082e+02 7.679492982228599374e+01 6.646371065880640572e+01 1.257260099523209931e+02 9.887219260079520211e+01 8.300325032346739818e+01 9.670814300985900047e+01 1.393676287764209860e+02 2.505767559165949976e+01 0.000000000000000000e+00 1.573933127267019927e+02 1.150701675415040057e+02 9.930323028564450283e+01 1.077494761149090010e+02 1.077322463989259944e+02 1.152737731933590055e+02 1.511948833465579867e+02 8.862064270019530454e+01 1.676840677261349981e+02 1.544108794076099969e+02 1.691314982096349979e+02 1.250835718340880049e+02 1.417818900443409973e+02 1.411627298990889869e+02 1.000669212341310015e+02 1.364095919060500073e+01 1.324604428609210061e+02 1.405709592114279971e+01 0.000000000000000000e+00 0.000000000000000000e+00 0.000000000000000000e+00 1.682299346923830115e+02 0.000000000000000000e+00 1.213762512207029971e+02 1.758850250244140057e+02 0.000000000000000000e+00 1.242781829833979970e+02 1.852638631967400045e+02 0.000000000000000000e+00 1.410654546101889935e+02 0.000000000000000000e+00 0.000000000000000000e+00 4.148644256591799717e+01 0.000000000000000000e+00 0.000000000000000000e+00 0.000000000000000000e+00 0.000000000000000000e+00 1.582710113525390057e+02 0.000000000000000000e+00 0.000000000000000000e+00 0.000000000000000000e+00 1.671068038940429972e+02 0.000000000000000000e+00 0.000000000000000000e+00 1.955513153076169885e+02 1.851886386871339880e+02 1.743588562011719887e+02 0.000000000000000000e+00 0.000000000000000000e+00 0.000000000000000000e+00 0.000000000000000000e+00 0.000000000000000000e+00
1.294685272729699932e+02 1.667415351867680045e+02 1.565603699835180009e+02 1.007276526969280042e+02 2.814765311381770019e+01 0.000000000000000000e+00 7.866001339712620677e+01 4.041157644095169843e+01 8.749901524273499831e+01 4.678093393301119818e+01 1.447231220506199918e+02 4.273199749800299685e+01 1.188320264314349970e+02 1.022420063887790036e+02 3.103535202295140039e+01 1.687122344970699999e+02 1.715583065114120132e+02 1.650841689355590063e+02 1.746077541683029892e+02 8.739038890080330191e+01 1.462861183201339941e+02 1.508654530843099906e+02 1.522407704459299964e+02 1.030396136851669979e+02 1.502314357757570065e+02 1.733362903594970135e+02 1.820984314812550053e+02 9.632268627360609514e+01 1.287361261621090023e+02 1.331606485317909971e+02 1.718429114300269873e+02 4.564206945192599818e+01 1.358610905238560065e+02 1.005041067191660034e+02 1.699031982421880116e+02 1.903398081461589868e+02 2.076279144287109943e+02 1.783546764489379939e+02 1.327266397476199984e+02 1.873550508022310055e+02 1.831721376691550063e+02 1.957689734564889932e+02 1.397101616329620128e+02 1.880936759834860084e+02 1.971333160400390057e+02 1.603254425613970113e+02 1.871878523393110072e+02 2.043367897316259985e+02 1.682036361694339917e+02 1.892686996459960085e+02 2.001611747741700071e+02 0.000000000000000000e+00 0.000000000000000000e+00 1.787364458356580030e+02 1.870325317382809942e+02 1.739070129394530113e+02 2.059833221435550001e+02 1.637730674350380013e+02 1.732153320312500000e+02 2.200660797119140000e+02 2.118244069417320077e+02 1.791899363199869981e+02 2.037864608764649859e+02 1.893675638834639869e+02 2.034253326416020116e+02 1.404528808593750000e+02 1.732001800537109943e+02 1.920087885175429960e+02
4.093405555212110158e+01 1.700335235595699999e+02 1.178288243439239977e+02 9.305982680384890671e+01 1.309291978836060082e+02 7.866001339712620677e+01 0.000000000000000000e+00 7.917972216083670389e+01 8.991316078847179938e+01 3.914850472637329659e+01 1.643936959400759861e+02 1.303964163656449955e+02 1.640402308146159953e+02 5.945983510610849976e+01 1.077020943824280010e+02 1.487189871470129958e+02 1.473767829238869922e+02 1.784766167028629980e+02 1.702458374416519860e+02 1.323116862342469915e+02 9.512568496436479393e+01 1.393085341453549972e+02 1.093482314953510013e+02 8.349163357416790632e+01 1.747481384277340055e+02 1.543083308720200080e+02 1.493796218324939957e+02 4.808142945735789908e+01 1.052263300678729934e+02 4.433718321950870234e+01 1.924691123962400070e+02 1.419031661891339979e+02 9.909636855031929770e+01 1.101459530534840070e+02 1.718235015869140057e+02 1.816236389160160059e+02 1.880772700272210045e+02 1.691541592782000123e+02 1.756890411376949999e+02 1.885646977742509875e+02 1.652777925911599937e+02 1.878253235816960114e+02 1.192220857970570052e+02 1.789903559073420070e+02 2.171572825113929923e+02 1.774951892906510125e+02 2.103221740722659945e+02 1.913531262207029897e+02 1.746212238984950034e+02 1.677842683612180110e+02 2.047024050625890084e+02 2.260510203043619981e+02 2.168644104003909945e+02 1.718451933950750004e+02 1.767359538358799966e+02 1.520485320552699875e+02 1.817479338961609869e+02 1.439059686494749997e+02 2.013113149007160132e+02 2.160055880546570108e+02 1.851973091266060010e+02 1.578917868993329989e+02 1.824048577510949940e+02 1.660325366604710098e+02 2.176753158569339917e+02 2.014200592041019888e+02 1.665393965871710122e+02 1.786256713867190058e+02
8.541959919867579742e+01 1.656694259643550140e+02 1.437193965974950061e+02 1.295114029589470022e+02 7.679492982228599374e+01 4.041157644095169843e+01 7.917972216083670389e+01 0.000000000000000000e+00 1.157742359932889968e+02 7.420758380842299573e+01 1.265622619085710028e+02 1.073450863677920069e+02 9.433209853294569314e+01 3.763398399260699989e+01 7.941764099074569572e+01 1.819441574760109859e+02 1.468622792924240059e+02 1.565164473100140015e+02 1.661734408878139959e+02 1.173590204890540036e+02 1.326212358966799911e+02 1.591993134816489999e+02 1.335851255309680141e+02 1.221645559050959946e+02 1.228082580566409945e+02 1.621804085794580033e+02 1.695753798217770054e+02 1.224768215686600001e+02 1.104772224977670021e+02 9.719949769811749718e+01 1.511122891461409949e+02 3.534471572168720144e+01 1.313230892181400122e+02 1.105075552820979965e+02 1.842611465454100141e+02 1.928272705078119884e+02 2.058247671416310141e+02 1.929696598052979937e+02 0.000000000000000000e+00 1.964260989918429914e+02 1.832843532659080097e+02 1.980427222251890100e+02 1.425859318485969993e+02 2.001051931381230133e+02 1.952437896728519888e+02 1.825011485250369958e+02 1.685823710514949880e+02 2.030042768205919970e+02 1.837015151977539915e+02 1.930943895975750024e+02 2.161276005336220010e+02 0.000000000000000000e+00 2.177441864013669885e+02 1.935122151929280108e+02 1.902756423950199860e+02 1.751724082099069904e+02 2.062734031677250073e+02 1.648758422752910064e+02 1.629178485870359907e+02 2.175799267108619972e+02 2.043247822481039861e+02 1.788060923020040036e+02 1.985547920785299993e+02 1.831755065917969887e+02 1.838748474121090055e+02 1.517421875000000000e+02 1.807952406141490087e+02 1.889067863464360073e+02
1.050280125935869933e+02 8.643944769779730564e+01 1.561385741362699946e+02 6.569758928994130542e+01 6.646371065880640572e+01 8.749901524273499831e+01 8.991316078847179938e+01 1.157742359932889968e+02 0.000000000000000000e+00 8.913928490035030450e+01 1.524670060021539939e+02 4.185373776662439838e+01 1.356368341278609932e+02 1.228039042971550003e+02 3.085450491760209957e+01 7.570898443983899995e+01 1.467250317660250118e+02 1.734626412227239882e+02 1.638225305618780112e+02 6.873056506160089896e+01 1.047380755742390051e+02 3.295653036085580112e+01 1.329234540385579919e+02 3.198170442926189949e+01 1.120822290491170037e+02 1.558634230342219951e+02 1.133520583349120017e+02 7.246284923936329392e+01 1.114076459067210010e+02 8.588282672197389900e+01 1.524831028892880056e+02 1.284479263305659913e+02 8.916715672141630478e+01 1.159336169950420015e+02 1.190494804382319955e+02 1.415628705380570125e+02 1.676941596984860041e+02 1.035409748428750021e+02 1.177471389770509944e+02 1.409697034926639958e+02 1.177568232057970050e+02 1.441903597513829993e+02 2.907708771735429920e+01 1.245592669565740067e+02 1.807128219604489914e+02 1.081510248635029967e+02 1.783187601070590063e+02 1.431968324339239871e+02 1.035859013834309934e+02 8.971474096808630350e+01 1.771643333435060015e+02 2.001524592808310103e+02 1.936829797653919911e+02 1.100475737253819943e+02 1.095299617892409998e+02 5.375587630801729944e+01 1.339275896072390140e+02 7.953419407265120356e+01 1.645379787445070008e+02 1.942707622111340129e+02 1.742550005231580030e+02 1.044964357469740008e+02 1.290350171882689949e+02 1.044485507456460027e+02 1.988382024765010101e+02 1.637261138916020116e+02 1.103583607306850070e+02 1.363120505150330075e+02
1.336556386174380009e+02 1.949483718872070028e+02 1.566112887246270020e+02 2.933212348783370160e+01 1.257260099523209931e+02 4.678093393301119818e+01 3.914850472637329659e+01 7.420758380842299573e+01 8.913928490035030450e+01 0.000000000000000000e+00 1.669344256745669952e+02 3.844365756777730070e+01 1.645402212008619927e+02 9.545872790206280456e+01 1.001770271840969997e+02 1.776228485107419885e+02 1.868897473110870067e+02 1.818278833797999994e+02 1.815164304979799965e+02 2.754371105018960009e+01 1.555536149447079879e+02 1.909160013198849981e+02 1.659474606801229868e+02 9.764558240667879829e+01 1.779049460671159864e+02 1.870060569231779937e+02 1.951947538390639920e+02 4.689384836342699714e+01 1.277568780082119986e+02 1.556778567161790079e+02 1.949155984554649876e+02 1.424828516168379906e+02 1.289363098144530113e+02 1.169956263818679929e+02 1.949245435926650032e+02 2.023106994628909945e+02 2.118780761718749943e+02 1.670286920745500083e+02 1.902796783447269888e+02 1.917574795239590060e+02 1.765698906885430119e+02 1.980984085083009916e+02 1.251072702931830065e+02 1.783068401984450020e+02 2.241352940609579889e+02 1.678682023251340070e+02 2.148126115798949911e+02 2.090415430608790075e+02 1.811468247633710007e+02 1.864553680419919885e+02 2.131427307128909945e+02 2.325281448364260086e+02 2.212292633056640057e+02 1.708973334658460033e+02 1.986369018554690058e+02 1.781440582275390057e+02 2.060905647277830042e+02 1.482416664164580027e+02 2.079024670918780089e+02 2.321272735595699999e+02 2.188218047683299972e+02 1.692327897599649873e+02 2.054625167846679972e+02 1.981408189137779914e+02 2.260627899169919885e+02 2.192229692508009862e+02 1.887491622198199934e+02 1.979104015422319947e+02
1.423272849635069974e+02 6.964299231309159666e+01 1.532861510611870131e+02 1.789038742249269944e+02 9.887219260079520211e+01 1.447231220506199918e+02 1.643936959400759861e+02 1.265622619085710028e+02 1.524670060021539939e+02 1.669344256745669952e+02 0.000000000000000000e+00 1.562755324742780090e+02 3.109044110720680010e+01 1.066189056542529983e+02 1.472091754566540089e+02 1.445582122802730112e+02 6.970923013088889775e+01 3.075432860523190115e+01 3.270906649169440072e+01 1.647117321409029955e+02 1.348256850242609914e+02 1.081576429239910055e+02 1.290995539912470065e+02 1.657015841242580052e+02 3.877445215829990133e+01 4.313952699475859731e+01 9.915543041825290516e+01 1.768815670326110023e+02 8.728319117794299586e+01 1.522825524043109908e+02 5.872712357964599761e+01 8.008175241536109468e+01 1.364888966878260135e+02 3.140951642865699966e+01 0.000000000000000000e+00 1.056643104553219956e+02 1.673571166992190058e+02 2.140704345703119884e+02 0.000000000000000000e+00 1.730316352844239987e+02 2.204197387695309942e+02 1.892387924194339917e+02 1.787291015956710112e+02 2.259110221862790127e+02 8.425879801199330643e+01 1.926839263916020002e+02 8.613580066969809934e+01 1.791898529052729998e+02 1.913447163899739962e+02 1.782398376464840055e+02 1.695543384551999964e+02 1.213603757222490032e+02 1.573354170057509975e+02 2.027501220703119884e+02 1.819388275146480112e+02 1.436169396602749941e+02 1.877779579162599930e+02 2.069805018107099954e+02 7.965518972035999923e+01 1.248596254164170034e+02 1.264401879888589946e+02 2.211223931643039862e+02 1.661297394434610055e+02 2.141695404052730112e+02 1.134736506026199976e+02 1.229006042480470029e+02 0.000000000000000000e+00 9.562894597371419536e+01
1.555646827827069956e+02 1.642319250106810102e+02 1.996544308132600065e+02 5.105124300440579788e+01 8.300325032346739818e+01 4.273199749800299685e+01 1.303964163656449955e+02 1.073450863677920069e+02 4.185373776662439838e+01 3.844365756777730070e+01 1.562755324742780090e+02 0.000000000000000000e+00 1.493207242042350060e+02 1.225390515492960049e+02 3.643391378903979927e+01 0.000000000000000000e+00 1.927654516948919934e+02 1.721321177296819940e+02 1.742431886322640082e+02 2.720931818998279894e+01 1.981657884385849968e+02 1.296490397453310095e+02 1.993680746459959892e+02 3.661538599428099872e+01 1.602939184088459967e+02 1.805463864830099965e+02 1.888661124997020124e+02 7.263944508603880479e+01 1.285143848671000057e+02 1.770498577299570115e+02 1.842498327401970073e+02 1.233389382981160054e+02 1.521683309454670052e+02 1.143378726370680027e+02 0.000000000000000000e+00 1.938839874267580115e+02 0.000000000000000000e+00 1.439755815366420109e+02 1.385546657017299879e+02 1.604053407148880126e+02 1.801774276207229946e+02 1.845372076934239942e+02 1.127192061354469956e+02 1.668344049231949953e+02 1.957549793409260133e+02 5.058534520277059698e+01 2.052524871826169885e+02 1.939277374267580001e+02 1.318354442596439924e+02 0.000000000000000000e+00 0.000000000000000000e+00 1.926887868245439961e+02 0.000000000000000000e+00 1.302628038846530103e+02 0.000000000000000000e+00 1.434748128255210133e+02 0.000000000000000000e+00 1.462149455747369871e+02 1.970465393066409945e+02 2.243121442794800089e+02 2.217792785644529943e+02 1.663384551804909961e+02 1.971484432220460121e+02 1.937652664184570028e+02 2.199849548339840055e+02 1.620803527832030113e+02 1.348185424804690058e+02 1.865436782836910083e+02
1.363991394042969887e+02 5.900942728872829690e+01 1.839936628341669973e+02 1.738003976283930001e+02 9.670814300985900047e+01 1.188320264314349970e+02 1.640402308146159953e+02 9.433209853294569314e+01 1.356368341278609932e+02 1.645402212008619927e+02 3.109044110720680010e+01 1.493207242042350060e+02 0.000000000000000000e+00 9.847482681274409799e+01 1.447578773498539988e+02 1.356229350182319990e+02 1.789866485595699999e+02 9.383994909433219789e+01 1.402074320656909947e+02 1.606099458821610142e+02 1.628740030924479925e+02 9.796237565869479624e+01 1.701142056783039891e+02 1.486685845555070102e+02 2.445091437370929910e+01 9.861509039288479528e+01 4.005886758595819686e+01 1.734982626297889965e+02 9.277789601052940327e+01 1.664620666503909945e+02 3.258857190865509779e+01 7.981575377891799405e+01 0.000000000000000000e+00 3.231245750558910146e+01 0.000000000000000000e+00 9.850665735975600512e+01 1.655116672515869993e+02 1.334163513183590055e+02 0.000000000000000000e+00 1.579418212890620055e+02 2.033402012416289892e+02 1.452498477588999890e+02 1.732990483561839881e+02 2.037566528320309942e+02 8.255137250532449400e+01 1.939489593505859943e+02 8.144155129612579458e+01 1.561144389102329910e+02 1.928051067849860090e+02 1.793414764404300001e+02 1.669996948242190058e+02 1.178553758184589952e+02 1.533416976928710085e+02 1.567087707519530113e+02 1.846333618164059942e+02 1.377161282038279921e+02 1.864869435628260135e+02 1.916321132008619941e+02 6.976736002978159945e+01 1.151958885484069981e+02 1.110918733006929955e+02 2.084712238311770136e+02 1.414812295701769926e+02 1.968776741027830042e+02 1.065331651155880053e+02 1.244308032989499964e+02 0.000000000000000000e+00 8.976314004516599709e+01
3.831241719830089920e+01 1.547937698364260086e+02 1.387884553617190022e+02 1.369810061606629858e+02 1.393676287764209860e+02 1.022420063887790036e+02 5.945983510610849976e+01 3.763398399260699989e+01 1.228039042971550003e+02 9.545872790206280456e+01 1.066189056542529983e+02 1.225390515492960049e+02 9.847482681274409799e+01 0.000000000000000000e+00 1.218049977890990050e+02 1.758474624633790029e+02 1.379468152126869995e+02 1.329707536672360106e+02 1.523975868718999891e+02 1.286754625180350047e+02 1.263018118760590056e+02 1.575781089782709898e+02 1.254910266196619943e+02 1.269845563324399933e+02 1.158901806640620009e+02 1.518352719054670104e+02 1.633564700089490032e+02 1.265201430785439953e+02 4.835057037316659745e+01 7.847415100738349736e+01 1.373174108811369933e+02 3.741331861180410101e+01 1.184443301010129943e+02 1.013221596939650055e+02 1.839572944641109871e+02 1.863869254372339981e+02 2.018026809692379970e+02 2.042005004882809942e+02 0.000000000000000000e+00 2.056569881954710013e+02 1.872722243011970136e+02 2.041296019262200048e+02 1.450620574951169885e+02 2.109047564129500074e+02 1.705734024047850141e+02 1.895090009901259975e+02 1.678155326843260013e+02 2.054162858229420010e+02 1.870708007812500000e+02 1.883388570149739962e+02 2.134898757934570028e+02 1.589526672363280113e+02 2.104768981933590055e+02 2.061878865559899907e+02 1.847834671020509916e+02 1.703716186523440115e+02 2.032600593566889984e+02 1.698902246994719860e+02 1.621186421712239962e+02 2.075386092446069881e+02 2.001763880252840124e+02 1.817959066289510019e+02 1.989498953311999969e+02 1.803700408935550001e+02 1.916956253051760086e+02 0.000000000000000000e+00 1.829566169151889881e+02 1.907217932807070042e+02
1.323095016479489914e+02 1.247422556790440069e+02 1.700070292154950096e+02 8.249264457290240671e+01 2.505767559165949976e+01 3.103535202295140039e+01 1.077020943824280010e+02 7.941764099074569572e+01 3.085450491760209957e+01 1.001770271840969997e+02 1.472091754566540089e+02 3.643391378903979927e+01 1.447578773498539988e+02 1.218049977890990050e+02 0.000000000000000000e+00 1.168318567275999982e+02 1.783436813354489914e+02 1.631590881347659945e+02 1.746650142669680008e+02 7.524481233461639818e+01 1.315047874450679899e+02 8.851914404388659818e+01 1.580173759460450071e+02 5.778690962462589908e+01 1.502373234948449863e+02 1.750064773559570028e+02 1.467099958316300103e+02 9.563396803245019839e+01 1.311618991739609896e+02 1.265721240043639995e+02 1.714468790690100093e+02 5.992100202870919645e+01 1.194127513340539934e+02 9.445629697163900573e+01 0.000000000000000000e+00 1.626167933146159896e+02 1.674249114990230112e+02 1.608593302187709924e+02 9.490393125093899584e+01 1.599259654453819905e+02 1.706064071655270027e+02 1.824587580362959898e+02 1.034559617293510030e+02 1.781810368129189897e+02 1.861000930786130141e+02 1.294913349151609907e+02 1.993426411946610131e+02 1.883402748107909872e+02 1.040971036638530052e+02 1.341175719551420116e+02 0.000000000000000000e+00 0.000000000000000000e+00 0.000000000000000000e+00 1.590969306945800099e+02 1.425445861816409945e+02 1.105956394195559938e+02 1.581231933593749943e+02 1.404599432566809867e+02 0.000000000000000000e+00 2.096739883422850141e+02 1.980484284900479963e+02 1.637033170617150120e+02 1.839187240600589917e+02 1.514863713582359992e+02 0.000000000000000000e+00 0.000000000000000000e+00 0.000000000000000000e+00 1.710709381103519888e+02
1.480674095153810015e+02 7.258137756586070566e+01 1.260951941935220049e+02 0.000000000000000000e+00 0.000000000000000000e+00 1.687122344970699999e+02 1.487189871470129958e+02 1.819441574760109859e+02 7.570898443983899995e+01 1.776228485107419885e+02 1.445582122802730112e+02 0.000000000000000000e+00 1.356229350182319990e+02 1.758474624633790029e+02 1.168318567275999982e+02 0.000000000000000000e+00 1.206848932813099964e+02 1.559361012776689961e+02 1.422232364607449995e+02 0.000000000000000000e+00 2.805582556307929920e+01 3.199497686363550031e+01 2.959669870710860096e+01 4.045889016016229789e+01 1.126962318420410014e+02 1.401460613616530111e+02 4.155434269380099721e+01 5.006556418646510309e+01 1.517746032714840112e+02 1.117491573152090041e+02 1.445161819458010086e+02 0.000000000000000000e+00 1.206402416229250036e+02 1.106028242921519933e+02 1.547886937459309991e+02 1.242704327348349977e+02 1.383866875466339934e+02 0.000000000000000000e+00 0.000000000000000000e+00 1.845539360046390129e+02 1.701135027359939897e+02 1.889886779785159945e+02 1.163010472264780049e+02 1.856594142913820065e+02 1.791356709798180020e+02 0.000000000000000000e+00 1.771240408761159983e+02 1.810317772759329955e+02 1.350125924815299925e+02 1.009104096901889989e+02 1.632180543627059990e+02 1.905557174682620030e+02 1.830728380756989964e+02 0.000000000000000000e+00 1.290300850434740028e+02 7.250633882928819673e+01 1.144454304574569932e+02 1.208010945751129981e+02 1.656525726318359943e+02 1.759278580238079996e+02 1.159722929381560022e+02 1.351732161523769946e+02 1.585662992140829886e+02 1.369083601185969883e+02 1.824507268269859992e+02 0.000000000000000000e+00 1.381081314086910083e+02 1.536889296032130119e+02
1.259845651667170046e+02 8.735679326057430671e+01 5.340183326581320244e+01 1.962178802490230112e+02 1.573933127267019927e+02 1.715583065114120132e+02 1.473767829238869922e+02 1.468622792924240059e+02 1.467250317660250118e+02 1.868897473110870067e+02 6.970923013088889775e+01 1.927654516948919934e+02 1.789866485595699999e+02 1.379468152126869995e+02 1.783436813354489914e+02 1.206848932813099964e+02 0.000000000000000000e+00 7.810539738281029543e+01 3.393022287287720218e+01 1.941189328707179982e+02 1.004469787696569938e+02 9.967170942054609384e+01 4.518713622016589682e+01 1.442685043754449907e+02 1.505726089477539915e+02 5.255794846189869673e+01 8.568501612366709708e+01 1.413396680831909862e+02 1.228410167960589945e+02 1.051572629041159956e+02 1.489466616312660108e+02 1.520222702026370030e+02 1.107435442509540025e+02 4.497765485930629836e+01 1.887054443359380116e+02 1.081716917188540066e+02 1.343008881290400041e+02 0.000000000000000000e+00 0.000000000000000000e+00 0.000000000000000000e+00 2.022349665715140077e+02 2.156245269775390057e+02 1.799991188049320101e+02 1.812000885009769888e+02 1.702179412841800001e+02 0.000000000000000000e+00 1.732778015136719887e+02 2.119830017089840055e+02 1.578561884562170121e+02 1.607905237073100011e+02 1.472441941538160108e+02 1.719761555989580017e+02 1.564228700580019904e+02 0.000000000000000000e+00 1.843626219096940133e+02 1.293859432008530064e+02 1.611505585332070041e+02 1.879257275307020052e+02 1.409836009098929992e+02 1.436478650165689999e+02 1.330602528293929936e+02 1.970432128906250000e+02 2.079669456481929899e+02 1.943042658025570120e+02 1.747628580729169983e+02 0.000000000000000000e+00 1.480700531005859943e+02 1.648267875440189982e+02
1.593563352312359882e+02 1.068506261652169940e+02 1.245429846819710065e+02 1.929341118391170085e+02 1.150701675415040057e+02 1.650841689355590063e+02 1.784766167028629980e+02 1.565164473100140015e+02 1.734626412227239882e+02 1.818278833797999994e+02 3.075432860523190115e+01 1.721321177296819940e+02 9.383994909433219789e+01 1.329707536672360106e+02 1.631590881347659945e+02 1.559361012776689961e+02 7.810539738281029543e+01 0.000000000000000000e+00 2.941429922590879897e+01 1.792191734584509959e+02 1.496975048289579888e+02 1.345046600341800058e+02 1.396170317927019937e+02 1.827790635965639865e+02 8.900403434351869691e+01 3.814001166237640206e+01 9.955033129946990300e+01 1.896116499467329959e+02 1.151321638756430019e+02 1.629000749588010137e+02 7.761270404252850597e+01 1.048655722638689980e+02 1.479562665765940039e+02 6.653561715633870222e+01 0.000000000000000000e+00 1.302823424021399887e+02 1.694907016754150106e+02 0.000000000000000000e+00 0.000000000000000000e+00 0.000000000000000000e+00 2.259221700032549904e+02 0.000000000000000000e+00 2.012681414286300026e+02 0.000000000000000000e+00 1.205074062347409978e+02 1.735636425018309978e+02 1.143527979464140003e+02 1.538337504069010038e+02 0.000000000000000000e+00 1.821987559000650094e+02 1.694080712454660045e+02 1.238167138099669984e+02 1.468898676279430049e+02 0.000000000000000000e+00 1.767405700683590055e+02 1.709304103851320065e+02 1.946218210856119981e+02 2.219331195228980107e+02 1.085021518665359963e+02 1.254222626156280000e+02 1.322113391884120119e+02 2.317046569824219944e+02 1.823829803466800001e+02 2.082627207438150094e+02 1.226417094421390033e+02 0.000000000000000000e+00 0.000000000000000000e+00 1.599939727783199999e+02
1.495586707705539879e+02 9.638490628880380484e+01 9.528193321874590538e+01 1.914024068196609960e+02 9.930323028564450283e+01 1.746077541683029892e+02 1.702458374416519860e+02 1.661734408878139959e+02 1.638225305618780112e+02 1.815164304979799965e+02 3.270906649169440072e+01 1.742431886322640082e+02 1.402074320656909947e+02 1.523975868718999891e+02 1.746650142669680008e+02 1.422232364607449995e+02 3.393022287287720218e+01 2.941429922590879897e+01 0.000000000000000000e+00 1.793476061387499954e+02 1.277844239585420070e+02 1.227687212262830059e+02 1.116768905691550060e+02 1.686282117827599905e+02 1.113881320953369993e+02 4.326362356419600275e+01 9.876291070383800275e+01 1.715773971654190007e+02 1.280331910422480064e+02 1.366701349738899864e+02 1.094540913899739962e+02 1.090718674581560066e+02 1.292936929066979985e+02 4.725868666498180204e+01 0.000000000000000000e+00 1.184653153419489939e+02 1.508755950927730112e+02 0.000000000000000000e+00 0.000000000000000000e+00 0.000000000000000000e+00 2.176397552490230112e+02 2.151053009033199999e+02 1.979055619673299873e+02 0.000000000000000000e+00 1.485973316828410020e+02 0.000000000000000000e+00 1.463572982788089973e+02 2.156895973899150079e+02 0.000000000000000000e+00 1.797227210998539988e+02 1.552598155628550103e+02 1.450875304295470016e+02 1.466243599339539969e+02 0.000000000000000000e+00 1.947125221252439928e+02 1.586603033277719987e+02 1.831723726060660056e+02 2.095914484068399872e+02 1.189695398239859969e+02 1.342645155073290084e+02 1.393338226973640133e+02 2.202792404174799969e+02 2.080667317708330017e+02 2.034015452067060039e+02 1.478913737705780136e+02 0.000000000000000000e+00 0.000000000000000000e+00 1.670121612548830115e+02
1.451672897338870030e+02 1.686451568603519888e+02 1.931055569118919948e+02 1.862810867217089950e+01 1.077494761149090010e+02 8.739038890080330191e+01 1.323116862342469915e+02 1.173590204890540036e+02 6.873056506160089896e+01 2.754371105018960009e+01 1.647117321409029955e+02 2.720931818998279894e+01 1.606099458821610142e+02 1.286754625180350047e+02 7.524481233461639818e+01 0.000000000000000000e+00 1.941189328707179982e+02 1.792191734584509959e+02 1.793476061387499954e+02 0.000000000000000000e+00 1.901127471923830115e+02 1.204214324951170028e+02 1.980151494344079879e+02 3.378337757312549883e+01 1.655446090698239914e+02 1.873317004538870094e+02 1.978086210552010016e+02 4.126395393512890308e+01 1.303386879042080011e+02 1.739705047607419885e+02 1.905060354696740035e+02 1.396540227479569864e+02 1.353913459777830042e+02 1.182832544684410010e+02 0.000000000000000000e+00 0.000000000000000000e+00 0.000000000000000000e+00 1.442046065636500032e+02 1.581386756896970098e+02 1.802143117731270081e+02 1.685638306286869863e+02 1.917387351989750073e+02 1.115919847574320016e+02 1.684827852852739909e+02 2.172733860015869993e+02 1.249231726078640037e+02 1.999009338378909888e+02 2.036637952081090077e+02 1.584183133443200120e+02 0.000000000000000000e+00 0.000000000000000000e+00 0.000000000000000000e+00 0.000000000000000000e+00 1.560040644132170087e+02 0.000000000000000000e+00 1.242291793823240056e+02 0.000000000000000000e+00 1.365664184786749900e+02 0.000000000000000000e+00 2.273839721679690058e+02 2.227511049158430012e+02 1.599463904663759877e+02 2.018114992777510110e+02 1.796077473958330017e+02 0.000000000000000000e+00 1.782954864501949999e+02 1.495309600830080115e+02 1.937955213274269965e+02
1.165331871726299937e+02 1.259634170532229973e+02 8.605806326470980139e+01 1.689198570251460012e+02 1.077322463989259944e+02 1.462861183201339941e+02 9.512568496436479393e+01 1.326212358966799911e+02 1.047380755742390051e+02 1.555536149447079879e+02 1.348256850242609914e+02 1.981657884385849968e+02 1.628740030924479925e+02 1.263018118760590056e+02 1.315047874450679899e+02 2.805582556307929920e+01 1.004469787696569938e+02 1.496975048289579888e+02 1.277844239585420070e+02 1.901127471923830115e+02 0.000000000000000000e+00 7.737884208593480651e+01 4.184386542168520151e+01 8.126486318571529921e+01 1.410322845458979941e+02 1.320171679859010112e+02 1.020506955340009938e+02 4.469445913635529877e+01 1.073672665405929934e+02 4.189538117744010037e+01 1.743363609313960012e+02 1.582731101989749902e+02 8.030504880468529905e+01 5.493294847366109934e+01 1.574875442504880141e+02 1.604329943449600080e+02 1.686936544602920094e+02 0.000000000000000000e+00 0.000000000000000000e+00 1.870089416503909945e+02 1.758975167014380077e+02 1.858899114699590029e+02 1.250894063313800046e+02 1.995332641601559942e+02 1.870255737304690058e+02 0.000000000000000000e+00 0.000000000000000000e+00 1.793629446590649934e+02 1.436733703613280113e+02 1.283011288494600137e+02 1.861184463500979973e+02 1.914271392822269888e+02 2.020025619506839973e+02 0.000000000000000000e+00 1.395591694071320035e+02 1.040863675717949945e+02 1.473531893183680097e+02 1.339751561665709971e+02 1.769116363525390057e+02 1.969369212559290077e+02 1.612087507247919973e+02 1.447155345998779978e+02 1.608563052368160129e+02 1.425026051367269986e+02 0.000000000000000000e+00 0.000000000000000000e+00 1.437265099419489900e+02 1.617350820541379903e+02
1.219005873543879943e+02 3.704152089000510273e+01 1.118304953141650060e+02 1.095851589700450006e+02 1.152737731933590055e+02 1.508654530843099906e+02 1.393085341453549972e+02 1.591993134816489999e+02 3.295653036085580112e+01 1.909160013198849981e+02 1.081576429239910055e+02 1.296490397453310095e+02 9.796237565869479624e+01 1.575781089782709898e+02 8.851914404388659818e+01 3.199497686363550031e+01 9.967170942054609384e+01 1.345046600341800058e+02 1.227687212262830059e+02 1.204214324951170028e+02 7.737884208593480651e+01 0.000000000000000000e+00 7.744833914485700177e+01 4.560307531097679856e+01 7.542586506737599450e+01 1.223899635546139990e+02 5.169807609010589999e+01 8.142761536648400522e+01 1.437215429941809930e+02 1.085642417002530067e+02 1.196909274029480059e+02 1.494090911865229998e+02 1.116310119628909945e+02 1.083141164877980032e+02 1.290963592529300001e+02 7.747116318808660651e+01 1.163675456799959989e+02 1.087170867919920028e+02 0.000000000000000000e+00 1.604760284423830115e+02 1.534608279957490140e+02 1.727638994852700023e+02 8.421123896474419723e+01 1.752411499023440058e+02 1.449249607209239912e+02 1.215300140380859943e+02 1.410641285217909910e+02 1.681051754421660007e+02 1.163491872151689961e+02 7.265816425220130270e+01 1.323592886083270059e+02 1.712873420715330042e+02 1.583044177639870043e+02 0.000000000000000000e+00 1.069660922874840026e+02 3.101746218364180052e+01 9.593121297884199805e+01 9.904124198492159792e+01 1.277352981567379970e+02 1.569631819725040032e+02 9.867943897571889522e+01 1.181256067324909935e+02 1.484269816621819871e+02 1.217885247999620049e+02 1.643054157892860019e+02 0.000000000000000000e+00 1.153673143386839968e+02 1.389038669483080071e+02
1.169294653253240028e+02 1.255333422422410052e+02 4.317549913378270077e+01 1.850928363800049965e+02 1.511948833465579867e+02 1.522407704459299964e+02 1.093482314953510013e+02 1.335851255309680141e+02 1.329234540385579919e+02 1.659474606801229868e+02 1.290995539912470065e+02 1.993680746459959892e+02 1.701142056783039891e+02 1.254910266196619943e+02 1.580173759460450071e+02 2.959669870710860096e+01 4.518713622016589682e+01 1.396170317927019937e+02 1.116768905691550060e+02 1.980151494344079879e+02 4.184386542168520151e+01 7.744833914485700177e+01 0.000000000000000000e+00 1.006979826155459961e+02 1.595581970214840055e+02 9.559407293852430598e+01 5.628838830400579951e+01 8.586476156755530553e+01 1.209079447010699937e+02 8.083253350510530311e+01 1.818120887756350044e+02 1.615813214438300065e+02 1.057225157486760025e+02 5.839840968161040280e+01 1.824969635009769888e+02 1.352986271116469936e+02 1.326114727629330048e+02 0.000000000000000000e+00 0.000000000000000000e+00 2.022796386718750057e+02 1.820988147792529901e+02 2.028028367360429911e+02 1.502240383750510091e+02 2.018993591308590112e+02 1.817378959655760013e+02 0.000000000000000000e+00 1.865795974731449860e+02 1.988098851984200053e+02 1.594304428100589917e+02 1.161919552881980024e+02 1.632166908488549950e+02 1.935476837158199999e+02 1.851557246616910106e+02 0.000000000000000000e+00 1.482825513113110105e+02 9.780345416166339589e+01 1.258324272448560066e+02 1.498636281905980070e+02 1.730089492797850141e+02 1.785406608581540127e+02 1.231884961516609991e+02 1.630378869145889951e+02 1.907588447570799985e+02 1.673734230995179928e+02 1.793786519368489962e+02 0.000000000000000000e+00 1.720790100097659945e+02 1.686986368352719978e+02
