0.000000000000000000e+00 1.863035526534997585e-02 7.519515367895023006e-02 4.957825860374334183e-03 3.995730343976426624e-03 4.218953736949800082e-02 1.207174126762727666e-02 5.134934135871328797e-03 2.761065097930115887e-03 4.127086428791094073e-03 1.521544827964675011e-03 1.495978391421156955e-05 7.914929963671794128e-05 1.969416394260972323e-04 2.083624773422516039e-04 1.486960245954780935e-01 3.607223064602565110e-05 2.098333845165934169e-03 1.263435974961822574e-04 2.252356464366490636e-04 1.533615070695862142e-04 8.807858657513101643e-05 1.130858817094912314e-04 3.495113807188549829e-04 2.558224142003295409e-03 6.508951563517371888e-05 2.648768523461105984e-05 2.794606558090010555e-04 1.741677489530644985e-04 3.699301104448139970e-05 2.633490476163143497e-05 1.446800640095623203e-01 4.834723433295348011e-02 9.817099535189856545e-04 7.180131986193384087e-05 7.691472424379678947e-04 1.749250952210378626e-03 1.661114765640836835e-02 4.797447339351506440e-02 1.095709942456848593e-02 6.349907676511377420e-03 3.516386000246326106e-05 9.826840022049555028e-06 1.024052973800419438e-04 1.394368254939565345e-05 5.102130236615473602e-05 5.574040434725493635e-05 3.675336228724822768e-05 2.510575366139151596e-02 3.384444549634801555e-03 8.630609894224862367e-05 9.277005929061958177e-05 4.846582944339666762e-05 3.925404497142049546e-05 9.500826395148124592e-05 6.154255012569958281e-04 9.805146365618041203e-05 1.036378436019036350e-04 3.922477668157765666e-05 1.234614904587781092e-05 0.000000000000000000e+00 0.000000000000000000e+00 2.872635818811022979e-06 1.547049215733725948e-05 3.910056205948464280e-05 4.391800549445678636e-05 7.515382685369214049e-05 1.887074158348719491e-05 8.540018683503302916e-05 2.580667066654785671e-04 8.899889868094928210e-05 0.000000000000000000e+00 9.026925953328792293e-06 1.896451718414365588e-05 8.520127953726108863e-06 4.145150817282094506e-06 7.804330950013669893e-05 1.577997505413545077e-05 0.000000000000000000e+00 5.465724347675109342e-06 2.588358773225484151e-05 1.133583109513483912e-04 9.867874164409216316e-07 0.000000000000000000e+00 0.000000000000000000e+00 0.000000000000000000e+00 3.539671851645289540e-04 5.469564347302490858e-05 2.059236092862274281e-04 4.503020050848470800e-05 7.074578825704165326e-06 0.000000000000000000e+00 2.619371453142957691e-05 0.000000000000000000e+00 0.000000000000000000e+00 1.975916296069270519e-05 2.990903124407972073e-06 3.507277708447233708e-06 7.920128011947882808e-04 4.337127384019252678e-04
1.863035526534997585e-02 0.000000000000000000e+00 1.550055654466382382e-01 2.684815349231548520e-01 2.817623141222420080e-01 6.681412034587322357e-02 5.953931129569622199e-02 8.174036279992490106e-02 2.352479771724065583e-02 2.564768531612155052e-04 1.173707593424830396e-04 4.370270795437285361e-06 2.217645443344475452e-05 5.438715569808137359e-05 3.212194810251718994e-05 1.993881172374805943e-01 9.464603959638626045e-06 2.559230971173889584e-03 2.929744105952372644e-05 3.615816234500422900e-05 2.858692405529893695e-05 3.337872846836874118e-05 6.343152555215650487e-05 2.911597766249811303e-05 5.385634599349161620e-05 1.329020358841659042e-05 1.256371780525354638e-05 1.851238064265145713e-05 1.460381126582701030e-05 1.062673067613844091e-05 0.000000000000000000e+00 3.246380172788156169e-04 1.028385851428753606e-03 2.810891434558567231e-04 4.012635708189651038e-05 3.881420111166229876e-04 1.015294730747848002e-04 9.006824491864729907e-05 4.366383966546155551e-04 5.664959450293291813e-04 2.741911929056961225e-03 0.000000000000000000e+00 2.607406576255204615e-06 2.537888534220490299e-06 2.734278759065948657e-06 1.622690184003562316e-05 4.544159559051567525e-05 2.893521670442874096e-05 1.920100496607380540e-03 2.569287555563889015e-04 1.740708123771049905e-05 7.245552467650100007e-05 3.273412365287003620e-05 1.066161847763110701e-04 1.387849621425768076e-03 4.264319586206202859e-04 8.341041141835736563e-05 1.126222719983806399e-04 1.065301360041731249e-05 0.000000000000000000e+00 0.000000000000000000e+00 0.000000000000000000e+00 0.000000000000000000e+00 0.000000000000000000e+00 4.370493234440090090e-06 3.581361603697431550e-06 5.008155611588082723e-05 3.651781109059304906e-06 2.685026080918417106e-05 1.413978009134268354e-04 2.431059276294123277e-05 0.000000000000000000e+00 0.000000000000000000e+00 4.110497162108171557e-06 0.000000000000000000e+00 0.000000000000000000e+00 9.750918078197227210e-06 2.384555475928631399e-06 0.000000000000000000e+00 0.000000000000000000e+00 6.636057892646857054e-06 5.075051214852877994e-05 0.000000000000000000e+00 0.000000000000000000e+00 0.000000000000000000e+00 0.000000000000000000e+00 4.733291248016001466e-05 3.139925548971777319e-06 1.242180172146358267e-04 1.804029483480237863e-05 9.227331787540689028e-07 0.000000000000000000e+00 1.100415112731983444e-05 0.000000000000000000e+00 0.000000000000000000e+00 0.000000000000000000e+00 0.000000000000000000e+00 0.000000000000000000e+00 4.347008358670195836e-04 1.733764514688734772e-04
7.519515367895023006e-02 1.550055654466382382e-01 0.000000000000000000e+00 1.750028317988604198e-02 1.234595002150687820e-01 3.896569377988883254e-01 2.716834858319615992e-02 2.022421267166356340e-02 2.724163638096262913e-02 3.191414324463302094e-04 1.567232628409348592e-04 1.123936281181283675e-05 4.909568304081459941e-05 7.750910467392517337e-05 3.582426969447710630e-05 1.405807473341741110e-01 2.043199411491585250e-05 1.837991236282276054e-03 7.069919313961185638e-05 5.946286252262672701e-05 3.387465037146583077e-05 8.541880146737307377e-05 1.077163212549237556e-04 6.766781782400919855e-05 6.890024697271150884e-05 2.216342419080672533e-05 2.387804256101186485e-05 6.494680345390002098e-05 3.240011392918353260e-05 1.497081220582435280e-05 1.946609372083837875e-06 1.523293900965682918e-03 3.220893345993010564e-03 5.129373160801189860e-04 5.796139925368902501e-05 3.758668903565357683e-04 3.079106042678355281e-04 1.501709122572385344e-04 4.890239525469247976e-04 6.600736920464517817e-04 4.041248388340011946e-03 0.000000000000000000e+00 3.691340129610887689e-06 1.977639612975216771e-05 7.421888060295244695e-06 2.200913347407120751e-05 8.297454804601779685e-05 3.958196689081968034e-05 1.173179593476065576e-02 1.124190329937119464e-03 1.027772388073647746e-04 3.026540194120614421e-04 7.495257809273276500e-05 2.117249355525565072e-04 2.496924635756451148e-03 1.992317074965604430e-03 2.378282696049513608e-04 4.345989822183664439e-04 1.960491907322093770e-05 2.789115826915494097e-06 0.000000000000000000e+00 0.000000000000000000e+00 0.000000000000000000e+00 2.910438741972035469e-06 1.131879695044630516e-05 1.675446861811078655e-05 1.054891214710429741e-04 8.143491892712501946e-06 5.724046273828018279e-05 3.667316717307884748e-04 4.732354662741030868e-05 0.000000000000000000e+00 0.000000000000000000e+00 1.714166467809968700e-05 3.966286444394529306e-06 0.000000000000000000e+00 2.903894352363176496e-05 5.492358491432093966e-06 0.000000000000000000e+00 0.000000000000000000e+00 1.892018157868972158e-05 1.159734911853858445e-04 0.000000000000000000e+00 0.000000000000000000e+00 0.000000000000000000e+00 0.000000000000000000e+00 1.292139972176493154e-04 1.641478084619478383e-05 2.400713913385066703e-04 3.671777204679933549e-05 7.510465612675616040e-06 0.000000000000000000e+00 2.045601752721885812e-05 0.000000000000000000e+00 0.000000000000000000e+00 5.208315592165298041e-06 0.000000000000000000e+00 0.000000000000000000e+00 1.639760621371500566e-03 3.665853302815742809e-04
4.957825860374334183e-03 2.684815349231548520e-01 1.750028317988604198e-02 0.000000000000000000e+00 2.790848509674190292e-01 5.182547789787662201e-02 7.212397348916131656e-02 1.977221661796261243e-01 3.441400641668968668e-02 2.651976328027881992e-04 8.404190404000650122e-05 0.000000000000000000e+00 1.365409038237465655e-05 3.101736284384839636e-05 2.112283112105031729e-05 6.764674465532234671e-02 4.861685381898572983e-06 2.197855396484340879e-03 2.031888973564718241e-05 4.617505893397725014e-05 2.328417725278470132e-05 2.674454374627183108e-05 3.639956719962797894e-05 1.793388704024975099e-05 7.372330991933348141e-05 8.014992392986497618e-06 7.776877294141085233e-06 1.923063618271069570e-05 1.689067153172342636e-05 7.761599246843123423e-06 0.000000000000000000e+00 1.122142720379714476e-04 5.626898966181662206e-04 2.424730301298507569e-04 1.668272618604801859e-05 4.211168371851604681e-04 1.448151664354768795e-04 1.184034616812978176e-04 7.148358330739996861e-04 3.999219124125692943e-04 1.005219414652348603e-03 0.000000000000000000e+00 0.000000000000000000e+00 2.680097300908882364e-06 2.214160175389990031e-06 8.518254783176165297e-06 2.539387070660443797e-05 2.133767207581270216e-05 3.151340182010485113e-03 3.066520678045933515e-04 3.248194806758411795e-05 9.635718089375806112e-05 5.163008279488582090e-05 9.001802053327698748e-05 3.369997721768376521e-04 9.361860554974320466e-04 1.690949689575034303e-04 2.061651312140105928e-04 1.133704865599229914e-05 0.000000000000000000e+00 0.000000000000000000e+00 0.000000000000000000e+00 0.000000000000000000e+00 0.000000000000000000e+00 5.920342840145977935e-06 7.111749553804571714e-06 9.845735629972092440e-05 2.636604622202422156e-06 4.168811302791046789e-05 2.896214353108415157e-04 3.572709897219887717e-05 0.000000000000000000e+00 0.000000000000000000e+00 1.069578042553567018e-05 0.000000000000000000e+00 0.000000000000000000e+00 1.261691584887189522e-05 0.000000000000000000e+00 0.000000000000000000e+00 0.000000000000000000e+00 6.679363254298324853e-06 1.049121849416609044e-04 0.000000000000000000e+00 0.000000000000000000e+00 0.000000000000000000e+00 0.000000000000000000e+00 4.578262970376444308e-05 3.264456268595094020e-06 2.388432938967010872e-04 3.270040658297107571e-05 3.632581110922401559e-06 0.000000000000000000e+00 1.470068930520681260e-05 0.000000000000000000e+00 0.000000000000000000e+00 0.000000000000000000e+00 0.000000000000000000e+00 0.000000000000000000e+00 8.634660625539110693e-04 2.477584149828302123e-04
3.995730343976426624e-03 2.817623141222420080e-01 1.234595002150687820e-01 2.790848509674190292e-01 0.000000000000000000e+00 1.374143866658162627e-01 2.277281339996653151e-03 1.314465823668611311e-01 1.521321218230275440e-01 8.131023601239452945e-05 2.626629989023981685e-05 0.000000000000000000e+00 4.243761539420592789e-06 9.945376595913057907e-06 9.394828356653295526e-06 3.133029939884804382e-03 0.000000000000000000e+00 6.291101828559142201e-04 6.458809129358617101e-06 1.452116932262676656e-05 8.194371887775296070e-06 8.507718198832745228e-06 1.071231115563890661e-05 5.502204344135226379e-06 3.431191862171786866e-05 3.109837747013337473e-06 3.117377258476852748e-06 1.000338634638156720e-05 7.217103689922860231e-06 1.268101340362771264e-06 0.000000000000000000e+00 4.763180025603509543e-05 2.469634882306986543e-04 6.593677408954424135e-05 7.871343626437837251e-06 2.057235312568617938e-04 8.674477207041310356e-05 5.549689217576249969e-05 3.444854299870423972e-04 8.340561141882314191e-05 2.437381226900176673e-04 0.000000000000000000e+00 0.000000000000000000e+00 2.050077459604652926e-06 0.000000000000000000e+00 3.336924554245966193e-06 1.011528487210871469e-05 7.046048096765364514e-06 3.102953845242301372e-03 2.928233862196482208e-04 4.044994729439894770e-05 8.951612789905197091e-04 6.273177927859387691e-05 1.140774913693666731e-03 5.450036544319347524e-03 1.495426976840517983e-03 1.913613472846613145e-04 1.239096465128516509e-03 9.227589348491305654e-06 0.000000000000000000e+00 0.000000000000000000e+00 0.000000000000000000e+00 0.000000000000000000e+00 0.000000000000000000e+00 2.677545106034587028e-06 2.953076786615084845e-06 7.675573889337045889e-05 0.000000000000000000e+00 2.172230423361136970e-05 2.380764647028186674e-04 1.564846677421360407e-05 0.000000000000000000e+00 0.000000000000000000e+00 5.747472613018227405e-06 0.000000000000000000e+00 0.000000000000000000e+00 4.564635654625618794e-06 0.000000000000000000e+00 0.000000000000000000e+00 0.000000000000000000e+00 3.819511824490654138e-06 7.231211005627108455e-05 0.000000000000000000e+00 0.000000000000000000e+00 0.000000000000000000e+00 0.000000000000000000e+00 3.217041639049693038e-05 2.436807568419257208e-06 1.475517515357824153e-04 1.977509661768314615e-05 3.643351841584566903e-06 0.000000000000000000e+00 1.449201810594329680e-05 0.000000000000000000e+00 0.000000000000000000e+00 0.000000000000000000e+00 0.000000000000000000e+00 0.000000000000000000e+00 7.602414872045884552e-04 2.367362111743353474e-04
4.218953736949800082e-02 6.681412034587322357e-02 3.896569377988883254e-01 5.182547789787662201e-02 1.374143866658162627e-01 0.000000000000000000e+00 1.656372131954702773e-02 9.511960052604341576e-02 3.405974303643194978e-01 4.969170249517418847e-04 1.693887055143661650e-04 3.702239640748361346e-06 2.497076830863633655e-05 5.905544792801439174e-05 1.444617225673347125e-04 1.053887897734617080e-02 5.914875523603335793e-06 9.709532716359450810e-03 3.627605501649118947e-05 3.392967475637037014e-04 8.698605985187747938e-05 4.440538105691975494e-05 8.275433343324026117e-05 6.761314465858276528e-05 1.403707180862618796e-04 2.586391944148045015e-05 3.748015246062564036e-05 6.158551597518886972e-04 2.476015369492726051e-04 5.568245313336610226e-05 1.298957142246687355e-05 6.239636467699491776e-04 4.340545920272896206e-04 9.188568864472831032e-04 4.429322497024199760e-05 7.517232441287280582e-03 5.844561384084897421e-03 1.249316951941636564e-04 7.538399268501623377e-04 4.380093233508541763e-04 3.285904071391927174e-03 0.000000000000000000e+00 8.476857714022452962e-06 2.267426121440772543e-04 2.173415203733975484e-05 5.861817967776236063e-05 6.459979860952330178e-05 4.699082470847689330e-05 1.480467368536045325e-01 1.388341328695127767e-02 5.522001415384922762e-04 2.001252098488826708e-03 6.385743770594951062e-04 9.177446914332553374e-04 7.379964161924359480e-03 1.370237135329940500e-02 1.705515932064019177e-03 3.345283577825081730e-03 1.042904093922396107e-04 1.786373680315443311e-05 0.000000000000000000e+00 4.619578088318597808e-06 4.159199596406657703e-06 2.360944161146614925e-05 6.979854932456795496e-05 9.934418548195897783e-05 8.475780640956236470e-04 3.197736275069355355e-05 3.347765528803754958e-04 2.270467682121240106e-03 2.728928515682677264e-04 6.681283254112014510e-06 1.945095616133166199e-05 8.960323032962425884e-05 2.253309439883773135e-05 1.288458021314263480e-05 1.946672591589898257e-04 4.463390786401264985e-05 3.045318728883780254e-06 9.852865385377808290e-06 8.118742626821397114e-05 9.996151225132416610e-04 4.134789842677728840e-06 1.144133742636030883e-06 3.893607427056788715e-06 5.232947784897032480e-06 1.377622110223085871e-03 1.650935254433496646e-04 2.277414803398336747e-03 2.866149965781849694e-04 3.858052308555706049e-05 6.994629565169462821e-06 1.364342501755592529e-04 0.000000000000000000e+00 0.000000000000000000e+00 4.877115624303718269e-05 7.388241234291914783e-06 8.802883048239820810e-06 1.071857456966527310e-02 2.445962689482097593e-03
1.207174126762727666e-02 5.953931129569622199e-02 2.716834858319615992e-02 7.212397348916131656e-02 2.277281339996653151e-03 1.656372131954702773e-02 0.000000000000000000e+00 1.780915729625550392e-01 6.237575980094556272e-03 9.747019541990160213e-03 3.116733356100310701e-03 9.180502523792144585e-05 5.412034596787403595e-04 9.339956166855937223e-04 2.780979242339184465e-04 2.314692068073771758e-01 2.380001330029085573e-04 2.556655361667719423e-02 8.067406046437054562e-04 3.435640642227898254e-04 3.445872836356954827e-04 8.227562128457075385e-04 8.157610915732688497e-04 1.225734905449463261e-03 5.877014063862638768e-04 2.349552942739781671e-04 2.009653268405315794e-04 1.193366518346469248e-04 1.228549344200750750e-04 1.161736862879108597e-04 4.591047359379797842e-06 8.076303606549278423e-04 1.427158105416296077e-02 5.784982853280811604e-03 5.939460887071322786e-04 1.464104053050710235e-03 4.377950794692045378e-04 1.429734885654059852e-03 1.738642953239739192e-02 1.166774520926858461e-01 1.575761408069552283e-01 9.459206886991606850e-06 2.896378255531535198e-05 2.345184943163636053e-05 5.692003350108075862e-05 1.790698362822621520e-04 8.508631369475840121e-04 3.715351834597954098e-04 3.797829875375077942e-03 1.154461936755772199e-03 3.200300177259588272e-05 7.430926108198713468e-05 6.634547648890966483e-05 4.319379093058554333e-05 4.416315669018040649e-05 6.106102822120518334e-04 1.596109893899888533e-04 1.501023073858468858e-04 5.645127257095784143e-05 6.863250065722921042e-06 0.000000000000000000e+00 0.000000000000000000e+00 2.919102155765516206e-06 1.269869145069279012e-05 5.194922422733214330e-05 4.780307828819540096e-05 1.306508361026140143e-04 2.240274514319366201e-05 1.402092741994887697e-04 5.657396524197901748e-04 1.738296416688000362e-04 2.789701192712350721e-06 8.376034309171837344e-06 3.470259175454009780e-05 1.608897795098022241e-05 5.357864845946275815e-06 8.203667496629381977e-05 1.499036342343937003e-05 0.000000000000000000e+00 0.000000000000000000e+00 4.203254226278101065e-05 2.010152000064237483e-04 0.000000000000000000e+00 0.000000000000000000e+00 0.000000000000000000e+00 9.254083004457045019e-07 2.590032919404494627e-04 1.973366442658162361e-05 3.879722550355345660e-04 6.909212988092117158e-05 8.706356228338132393e-06 0.000000000000000000e+00 5.133037550689513483e-05 0.000000000000000000e+00 0.000000000000000000e+00 3.352776260024848739e-06 0.000000000000000000e+00 3.288901144271833933e-06 8.690246961608631476e-04 6.368627674694858328e-04
5.134934135871328797e-03 8.174036279992490106e-02 2.022421267166356340e-02 1.977221661796261243e-01 1.314465823668611311e-01 9.511960052604341576e-02 1.780915729625550392e-01 0.000000000000000000e+00 2.709517785858905348e-01 2.657115839724284289e-03 1.271107779095427982e-03 5.222118517655182024e-05 3.030836779069543113e-04 7.582746581271494280e-04 6.241685247988490491e-04 6.394430599020305139e-02 1.209893736254924321e-04 1.434387373007477706e-01 5.450352641849649489e-04 1.848421284050671271e-03 7.038192487771545349e-04 4.413950791198739806e-04 1.055329068326478622e-03 3.212253346831404292e-04 6.553895949400036572e-04 1.518424828267428211e-04 1.958338931921254256e-04 3.894356695276765057e-04 5.090282432887092935e-04 2.252004074156782598e-04 6.438356448416441672e-06 2.987472880838390964e-04 2.041902240885750536e-03 1.205672078127993131e-02 3.293338217012009095e-04 1.915107326360191917e-02 1.727707149422860354e-03 6.699406179182700993e-04 4.283191779496866788e-03 4.375585916872744806e-03 6.752908613015413952e-02 7.234816858935746645e-06 2.386430987941760449e-05 4.974684395323809925e-05 3.750555733620922129e-05 2.079449944559333451e-04 4.618161503090204229e-04 4.015211317695820690e-04 4.047289363363574394e-02 5.292865827863296041e-03 1.612173502097232934e-04 5.360592650559627180e-04 3.500358684728386259e-04 3.321669921579878241e-04 7.866508504955799534e-04 4.549100046377037992e-03 9.373450797752083761e-04 1.123436378790768075e-03 1.494812342753818368e-04 1.846662845196912715e-05 0.000000000000000000e+00 4.606664918839936807e-06 4.196311787927379571e-06 2.265949828901099247e-05 8.888604015531530037e-05 1.035245167836321704e-04 6.291101828559142201e-04 3.770844512139979380e-05 3.368955770649970571e-04 2.002000195977209594e-03 3.320288458299295881e-04 6.200030617884159599e-06 2.082396675980710660e-05 1.199423883612343503e-04 3.604272820986407084e-05 1.293234606216615256e-05 1.517203755215184940e-04 3.593291358637373491e-05 0.000000000000000000e+00 6.536557414497138160e-06 1.085324382489014940e-04 7.909860695871014135e-04 1.918637082115238604e-06 0.000000000000000000e+00 3.185982129868471290e-06 4.801708802352624551e-06 6.350270603305428925e-04 6.004553563681799301e-05 1.574814286210237920e-03 2.417289131288864149e-04 3.634173305889852574e-05 9.321002022353714310e-06 1.607455453774566897e-04 0.000000000000000000e+00 0.000000000000000000e+00 1.319895676800255216e-05 5.704471641581126558e-06 7.842883141394658538e-06 4.722883444147887508e-03 1.976900881339583530e-03
2.761065097930115887e-03 2.352479771724065583e-02 2.724163638096262913e-02 3.441400641668968668e-02 1.521321218230275440e-01 3.405974303643194978e-01 6.237575980094556272e-03 2.709517785858905348e-01 0.000000000000000000e+00 7.757607052108559786e-04 2.946204592159986637e-04 8.419819670776726499e-06 4.209213250090103499e-05 1.233269733986603863e-04 2.500015367163855489e-04 4.206602518636121286e-03 1.663136619103180311e-05 4.332737140542826382e-02 8.247160175335842270e-05 1.247426220417789102e-03 2.728015345039580541e-04 7.372541723620216136e-05 2.008744780688593765e-04 6.825037386504109044e-05 2.166027887377642669e-04 3.247586026329680602e-05 3.221630906897050118e-05 1.962246833981070627e-04 3.339827968598376383e-04 7.049454925703070596e-05 2.058986727032813555e-06 8.111706529943178527e-05 3.067328482845596105e-04 2.168896179782241196e-03 5.751242368749985296e-05 1.778337778656192969e-02 1.508137609753466574e-03 1.532945412224258168e-04 9.997883907891112927e-04 4.182239594170941211e-04 3.950774250777823633e-03 0.000000000000000000e+00 5.322426800604564559e-06 2.954610445002849901e-05 1.007821950985174146e-05 4.856545870202169906e-05 8.486844054516829914e-05 8.569263558714268242e-05 4.490727369114477785e-02 6.475363274093728222e-03 1.381020744039636490e-04 5.227667785409384526e-04 2.555215361807451841e-04 4.021650341461246309e-04 2.370942208956929465e-03 5.239515589137766494e-03 8.119175797511070380e-04 1.506335853830741492e-03 8.161064573934143313e-05 7.664487061144579654e-06 0.000000000000000000e+00 0.000000000000000000e+00 0.000000000000000000e+00 1.179231105083971268e-05 3.826887433531049202e-05 4.519995658957318385e-05 4.450395665711044777e-04 1.548455264377776195e-05 1.551567068953866983e-04 1.291192850317178682e-03 1.472601222957883741e-04 3.401291377268340783e-06 7.987398249322667741e-06 5.886941867777329947e-05 1.390884157716673767e-05 8.054598242801828609e-06 8.819191339340249464e-05 1.643531547834851725e-05 0.000000000000000000e+00 4.607812235801776586e-06 4.535062974568412539e-05 4.580709799407305951e-04 0.000000000000000000e+00 0.000000000000000000e+00 0.000000000000000000e+00 2.541869021639116354e-06 3.584054286362972543e-04 3.455648445164463851e-05 1.018330437770347333e-03 1.111068770234777429e-04 2.410220253926021215e-05 6.040073560235070070e-06 8.108849944854516409e-05 0.000000000000000000e+00 0.000000000000000000e+00 6.148342818021705393e-06 2.447625128345171183e-06 3.205065054846002635e-06 3.791929388142761294e-03 1.107361063277486398e-03
4.127086428791094073e-03 2.564768531612155052e-04 3.191414324463302094e-04 2.651976328027881992e-04 8.131023601239452945e-05 4.969170249517418847e-04 9.747019541990160213e-03 2.657115839724284289e-03 7.757607052108559786e-04 0.000000000000000000e+00 1.047486337380191118e-01 2.533100242002201633e-03 2.145791791780302972e-03 4.649209304955489314e-03 4.084904969469591723e-03 1.845387918491359081e-02 1.634533304805569146e-02 1.840068114129524146e-02 4.290380071482267910e-02 4.043191802785576529e-03 6.932674449230137245e-03 5.887456989678563606e-04 7.215171982793231603e-04 5.483531175215494713e-02 7.640124136679397882e-02 1.137496865231268570e-03 7.924038255470886526e-05 2.928655325570219282e-04 2.703172420620977932e-03 1.547190874256564974e-04 3.704311835669235072e-05 8.297232365598972842e-03 1.074917749352494872e-02 8.701884033650145178e-02 2.777268023187112549e-04 2.186230031758764399e-03 2.571664140699128111e-03 1.343864064718353901e-01 3.726661101793227737e-01 1.841956504190184474e-01 7.817103631701086131e-02 1.304067385653247138e-04 3.910700108325007032e-05 6.876900796105621719e-05 3.131472866865165424e-05 1.008518536283433727e-04 3.549517704348421139e-04 1.527505022508271091e-04 2.101533454611553310e-03 6.243136955164696293e-03 2.890723621933898361e-05 2.120173843046661740e-05 5.961704787351881083e-05 5.128331209682784486e-06 4.682645399271949991e-06 1.085659211724817333e-04 7.503991466962381201e-05 3.617865014789421209e-05 4.991952686331086169e-04 6.589872531274855363e-05 0.000000000000000000e+00 1.968997272350423341e-05 1.479476929607763714e-05 1.591168235842823145e-04 6.700401301037358379e-04 6.832530068703875992e-04 1.166622325819675627e-04 2.905615327805935130e-04 5.744288223083326289e-04 7.664604134303951198e-04 1.056558336499878068e-03 1.451745810347469302e-05 3.544401607283892311e-05 1.555707946600831822e-04 1.122538427658389650e-04 2.768651438657380071e-05 1.177733739375611335e-03 4.393521524888436864e-05 0.000000000000000000e+00 5.568420923075667679e-06 2.129691890903552987e-04 2.118800574887235366e-04 2.951730445282314230e-06 0.000000000000000000e+00 4.428280545905793810e-06 1.153640083176985420e-05 1.550499361740399675e-03 7.219351494582789970e-05 5.955722348908003283e-04 1.812896604571025063e-04 2.919804594721743985e-05 1.156393643885399872e-05 1.864192209349587012e-04 0.000000000000000000e+00 0.000000000000000000e+00 1.733183831818252893e-05 7.419265621525325565e-06 1.222304661879882579e-05 3.676155740840422498e-04 1.441354396721667395e-03
1.521544827964675011e-03 1.173707593424830396e-04 1.567232628409348592e-04 8.404190404000650122e-05 2.626629989023981685e-05 1.693887055143661650e-04 3.116733356100310701e-03 1.271107779095427982e-03 2.946204592159986637e-04 1.047486337380191118e-01 0.000000000000000000e+00 4.664920522943126480e-02 1.701914761681755928e-01 8.827913289713416878e-02 3.791624997928395857e-02 6.078614044300121276e-03 8.781154269860494410e-02 1.094091991394336404e-02 6.980089078775539302e-02 2.456698298196451254e-03 1.271104266900646707e-02 7.110637358790544704e-02 1.650877888585404810e-02 2.187852665747651998e-02 4.703613202115361491e-02 4.308959581874502454e-02 1.021158925300759499e-03 1.653458181017949773e-03 7.596291945810761115e-03 3.758867927936288943e-03 7.952592399041561485e-05 1.743055440616446189e-03 3.061053361503291922e-03 3.605139162365755129e-02 1.791572899323125648e-02 9.259257638101257935e-04 1.591049991951858089e-03 6.002539905340612686e-03 5.057419997051550153e-02 1.837897577754779230e-02 1.823126457236894440e-02 5.336428750465379124e-04 1.997598245184846553e-03 1.497479269324297800e-04 4.072167409729988453e-04 1.309611970481074647e-03 8.560600144920786983e-03 1.995224001512795400e-03 7.845201189950211157e-04 3.050048484522383235e-03 1.560957507067043759e-05 7.400545623341845268e-06 1.871382842798176050e-05 0.000000000000000000e+00 0.000000000000000000e+00 3.740112807804996613e-05 1.982068490594235508e-05 1.145903888805725893e-05 2.136635499985868798e-04 6.424834498509048801e-05 3.529486486779981124e-06 3.263180171157946098e-05 3.300268948046793143e-05 2.235465148932390519e-04 2.852604601242583185e-04 1.002462341749153253e-03 3.609096235152506983e-05 1.842315918789454643e-04 1.436274592336544260e-04 1.958029858780513898e-04 3.886477671651072593e-04 1.793111240637265346e-05 9.803589292598402678e-05 4.965751713263775319e-05 5.117782918023424803e-05 1.447517127830975838e-05 1.118697257299415158e-03 1.923550642614054525e-04 0.000000000000000000e+00 2.628116818147998364e-06 6.592061799355100583e-05 7.664580719672075561e-05 3.105611405960031101e-06 2.391488548426603336e-06 3.617244527044753536e-06 7.853443140369955464e-06 1.277776266253220641e-03 1.998322928041355048e-04 2.156418522456441235e-04 4.289068852097308233e-05 1.116150916083088169e-05 5.057665850686230815e-06 5.863140894477131770e-05 0.000000000000000000e+00 0.000000000000000000e+00 2.080711993217356987e-05 1.038502143130032910e-05 1.770291340412599390e-05 1.631954183104618024e-04 5.665252133191721285e-04
1.495978391421156955e-05 4.370270795437285361e-06 1.123936281181283675e-05 0.000000000000000000e+00 0.000000000000000000e+00 3.702239640748361346e-06 9.180502523792144585e-05 5.222118517655182024e-05 8.419819670776726499e-06 2.533100242002201633e-03 4.664920522943126480e-02 0.000000000000000000e+00 2.669361692194529012e-01 1.532753412242888851e-02 1.408435765769628029e-03 1.073120676356144402e-04 1.657930375705935488e-01 1.053030922208018872e-03 2.610977307616031001e-02 4.684541984453766518e-05 7.165884182697890206e-04 1.248710512976092812e-01 2.458735371169513181e-03 4.342594700561894921e-02 2.143839011481988717e-05 7.626356333137326859e-02 9.793837098422768206e-05 2.100736186396234622e-04 2.291639192261957052e-04 6.407168158759910578e-04 2.648803645408917797e-06 3.546333314413519549e-06 9.942695620563454258e-06 1.197623298421212137e-02 2.468370492185776189e-03 2.291838216632888312e-05 3.952612299379954652e-05 4.521236634446654579e-06 3.141131402513301955e-05 5.423121424979871863e-05 1.959117468431073681e-03 5.222048273759559247e-06 2.248788074468851487e-03 9.889240015994488789e-06 3.376799672327852154e-05 1.491240440661398335e-04 1.287147972660898209e-03 2.930645569279532428e-04 1.850914942345280664e-05 5.030961463033624599e-05 0.000000000000000000e+00 0.000000000000000000e+00 0.000000000000000000e+00 0.000000000000000000e+00 0.000000000000000000e+00 0.000000000000000000e+00 0.000000000000000000e+00 0.000000000000000000e+00 1.017664291493524352e-05 3.951148884887811696e-06 0.000000000000000000e+00 0.000000000000000000e+00 0.000000000000000000e+00 1.742984025989229331e-05 1.295924947418969139e-05 7.928018742889513090e-05 0.000000000000000000e+00 4.680748814090134650e-06 7.633825600705218648e-06 1.074719895713157272e-05 1.902962156807006845e-05 0.000000000000000000e+00 7.972857762928742218e-06 0.000000000000000000e+00 0.000000000000000000e+00 0.000000000000000000e+00 6.402227671434438186e-05 3.050985069797354672e-05 0.000000000000000000e+00 0.000000000000000000e+00 3.217088468313441331e-06 2.894973377619078709e-06 0.000000000000000000e+00 0.000000000000000000e+00 0.000000000000000000e+00 0.000000000000000000e+00 3.380171379317746847e-05 1.406058009902795592e-05 9.127468382596917815e-06 0.000000000000000000e+00 0.000000000000000000e+00 0.000000000000000000e+00 1.201674029735461122e-06 0.000000000000000000e+00 0.000000000000000000e+00 0.000000000000000000e+00 0.000000000000000000e+00 0.000000000000000000e+00 4.091133261548148846e-06 2.453929517977319224e-05
7.914929963671794128e-05 2.217645443344475452e-05 4.909568304081459941e-05 1.365409038237465655e-05 4.243761539420592789e-06 2.497076830863633655e-05 5.412034596787403595e-04 3.030836779069543113e-04 4.209213250090103499e-05 2.145791791780302972e-03 1.701914761681755928e-01 2.669361692194529012e-01 0.000000000000000000e+00 1.271058608368491882e-01 1.157215497464186664e-02 7.587394385698537471e-04 7.530309513189062387e-02 1.971567028198624449e-03 2.489654392559489601e-02 1.348767088632826620e-04 1.465555760226915170e-03 1.475275173917925398e-01 5.451499958811489160e-02 7.844580702205544015e-03 9.502371760851826383e-05 2.168090716445765856e-02 4.945416105480970317e-04 8.568397217334920626e-04 1.124998134736781945e-03 3.713162566517709366e-03 1.184035787544571714e-05 1.365354013852560970e-05 5.353615090261094027e-05 7.914906549039920497e-03 4.528448341063930592e-03 7.962344593217195957e-05 1.421845325444023812e-04 3.180479691378016658e-05 1.289344265130704765e-04 2.216372858102108720e-04 3.618813307380329327e-03 1.858837283039940875e-05 4.706867835945884667e-04 4.702793689999762195e-05 1.478416246783859328e-04 6.173291108283741587e-04 1.996351416037541598e-02 2.212837248689093674e-03 6.573493996278802914e-05 1.144196962142091442e-04 0.000000000000000000e+00 0.000000000000000000e+00 2.530313900809163550e-06 0.000000000000000000e+00 0.000000000000000000e+00 3.878095233440082900e-06 2.799792899050162178e-06 0.000000000000000000e+00 1.954548103020809768e-05 1.804274166383324420e-05 0.000000000000000000e+00 1.060853750717213229e-05 1.430347178277572025e-05 5.695269691254538591e-05 2.669829984832014131e-05 5.837337970151685066e-04 3.171207497155804304e-06 1.297291191188832626e-05 1.610674965657279503e-05 2.119004282184541659e-05 3.710317688744985121e-05 9.454079082611141016e-06 1.344345235403370128e-04 2.872085574961977406e-06 3.271820170319552774e-06 3.738766466472226167e-06 3.826196701890758429e-04 3.962153761868720723e-04 0.000000000000000000e+00 0.000000000000000000e+00 4.864822942569725365e-06 7.489415858620645136e-06 0.000000000000000000e+00 0.000000000000000000e+00 0.000000000000000000e+00 3.942649373517452016e-06 1.676644520231447577e-04 1.358993429103914961e-04 2.068391213925115243e-05 4.055238630884889703e-06 0.000000000000000000e+00 0.000000000000000000e+00 4.537884437709262591e-06 0.000000000000000000e+00 0.000000000000000000e+00 6.965782738700359169e-06 5.959293080268831473e-06 8.288767976176424293e-06 1.985181465901919901e-05 5.051566339082983842e-05
1.969416394260972323e-04 5.438715569808137359e-05 7.750910467392517337e-05 3.101736284384839636e-05 9.945376595913057907e-06 5.905544792801439174e-05 9.339956166855937223e-04 7.582746581271494280e-04 1.233269733986603863e-04 4.649209304955489314e-03 8.827913289713416878e-02 1.532753412242888851e-02 1.271058608368491882e-01 0.000000000000000000e+00 1.474076344765962721e-01 8.705080130900983218e-04 4.717779054399295902e-02 1.644092328268240838e-02 1.759415243906999882e-01 1.246061147379519092e-03 2.387543182955788670e-02 2.731363637397601560e-02 1.623351647354010496e-01 3.924842545977067811e-03 8.383562113319415919e-04 3.642825012367395879e-03 1.340569626013643923e-03 2.045043313751684216e-03 4.940967325424858170e-03 1.361057428903631947e-02 2.144452474837094604e-05 7.769443148521004803e-05 8.793891829600099144e-05 2.281018315243786912e-02 3.026949950178414381e-03 2.888815329436145336e-04 1.019060974284824710e-03 1.517230682041840377e-04 5.366153625629767636e-04 3.857384991547288880e-04 6.396608159784612432e-03 4.092339115089673482e-05 1.847588893887540590e-04 1.409964741231018121e-04 2.633736329797823185e-04 2.486809514786765280e-03 1.720474369636898135e-02 8.309478218069219282e-03 1.763305584992910183e-04 5.386243379777893355e-04 1.406323765974568779e-05 5.097798529718734334e-06 1.677476910394577850e-05 0.000000000000000000e+00 0.000000000000000000e+00 2.660194863815750730e-05 1.135607304439014639e-05 5.368565332712817788e-06 2.655921693498696726e-04 1.273565144710632902e-04 3.256507001073779067e-06 7.976334835762073281e-05 8.101743604080674705e-05 4.488397613242988272e-04 3.015125561081906749e-04 2.216573053204634169e-03 3.332850408299842959e-05 2.218133638419054012e-04 1.493036342926154644e-04 1.691353591974865597e-04 3.498462099546570782e-04 3.795277680500782220e-05 4.108331308659801499e-04 3.581139164694625805e-05 5.224424858894797976e-05 2.085700480538170599e-05 2.716237785206821690e-03 1.051057068741017642e-03 2.490216343724472351e-06 2.869018258186447971e-06 6.090813067506617960e-05 5.129923404650235078e-05 5.089498042719304221e-06 3.362739185887351460e-06 6.941852984924852509e-06 1.724165686351877076e-05 1.872000989079656902e-03 6.286126219285859606e-04 2.072189067215121974e-04 3.347226992270646746e-05 9.428229329021945546e-06 0.000000000000000000e+00 5.004596587543194182e-05 0.000000000000000000e+00 0.000000000000000000e+00 3.319714799818376382e-05 2.908846547004584538e-05 3.492655270841751045e-05 1.305526117219014384e-04 5.190567301204600205e-04
2.083624773422516039e-04 3.212194810251718994e-05 3.582426969447710630e-05 2.112283112105031729e-05 9.394828356653295526e-06 1.444617225673347125e-04 2.780979242339184465e-04 6.241685247988490491e-04 2.500015367163855489e-04 4.084904969469591723e-03 3.791624997928395857e-02 1.408435765769628029e-03 1.157215497464186664e-02 1.474076344765962721e-01 0.000000000000000000e+00 2.912510936892908839e-04 2.697061201701792584e-03 3.333740164311065068e-02 3.418981131649353328e-02 1.940089567838446452e-02 1.141064084397313827e-01 5.814216021175840250e-03 1.203867980742080596e-01 8.179152377057018067e-04 1.404025619856108867e-03 3.575226970146372016e-03 8.484830396175643569e-04 9.833489777501848439e-02 1.758332317182814963e-01 1.544102484312348533e-01 1.002050244228166136e-04 1.204421736785906978e-04 9.190243010651840967e-05 1.094810820592876516e-02 1.444774103706905058e-03 1.507840243928663384e-03 4.936108789310947320e-02 2.522657316186276036e-04 7.730516323030025682e-04 3.298875777450274455e-04 2.347545138056563070e-03 7.489216834249714215e-05 1.720006076999412378e-04 1.963019516832921387e-03 2.522633901554402025e-04 3.751035733574345152e-03 3.860218162004075849e-03 4.253548855544037749e-03 1.542756142979578209e-03 1.673776227826849483e-02 6.054649168576804779e-05 2.072733457406198418e-05 7.308654900551265273e-05 4.731980028631041816e-06 0.000000000000000000e+00 1.362457623889713515e-04 7.022832489262024569e-05 3.032745071567296069e-05 9.460834203906869034e-04 6.652143744744483216e-04 3.871784990149966407e-05 4.774021000161296903e-04 5.503667758627368454e-04 1.880527427276672920e-03 1.178180958844410146e-03 1.307817238947911985e-02 1.315061726049811816e-04 8.921700597685813241e-04 5.648908720143478498e-04 7.114254919415119536e-04 1.479726295437224599e-03 3.415176253969784566e-04 2.957443615459636951e-03 1.547295069368405840e-04 2.537958778116113415e-04 1.303530019851732464e-04 1.794518460012908823e-02 1.054856092762618269e-02 3.570169409661529624e-05 1.353345819895840537e-05 2.336651480577057777e-04 1.793865191783616721e-04 5.218500957030607778e-05 2.933045569046644898e-05 6.475140835090921595e-05 1.296304264455332275e-04 1.394419767129688806e-02 9.685755157691128270e-03 8.897361087852507936e-04 1.310169238719682610e-04 5.205318519285392231e-05 1.388242987241255862e-05 2.084962919634130991e-04 2.746255343269638721e-06 4.573720531792836368e-06 6.229181834567629932e-04 2.607359746991456170e-04 3.132725549670438555e-04 6.806083242001885860e-04 3.044955802089729501e-03
1.486960245954780935e-01 1.993881172374805943e-01 1.405807473341741110e-01 6.764674465532234671e-02 3.133029939884804382e-03 1.053887897734617080e-02 2.314692068073771758e-01 6.394430599020305139e-02 4.206602518636121286e-03 1.845387918491359081e-02 6.078614044300121276e-03 1.073120676356144402e-04 7.587394385698537471e-04 8.705080130900983218e-04 2.912510936892908839e-04 0.000000000000000000e+00 2.584179261435926326e-04 8.556455755079041964e-03 8.681372816128283794e-04 5.762551635945258564e-04 4.162992766770290181e-04 1.179551885540648659e-03 7.817888021868875034e-04 2.613447551278766639e-03 1.571849993814955189e-03 4.797388802771821001e-04 2.813783141595039552e-04 1.620569989087346674e-04 2.309434312486403418e-04 1.054127897711328640e-04 1.261505438563788670e-05 3.983987906091478876e-02 3.812346947137126296e-01 4.568908824942672330e-03 9.597926873530733321e-04 1.372248452207940322e-03 6.865216894800359399e-04 1.266098218605927160e-02 1.489590879845855698e-01 1.537497216660616561e-01 7.149411989174338233e-02 2.921408497005131819e-05 6.573131069484750596e-05 3.453716738034836274e-05 8.137322137213632873e-05 2.128896964151422025e-04 9.665337598696761845e-04 3.786368413072620947e-04 2.877915818298671432e-03 1.836614455928069038e-03 2.187946324275148570e-05 4.999269758791797087e-05 6.892249087299207662e-05 2.511078780724448729e-05 3.761759634972761129e-05 2.336550797659998609e-04 1.166951301397509247e-04 9.410141525899068556e-05 1.043178045115325043e-04 1.248161439858641276e-05 0.000000000000000000e+00 2.939355812336761645e-06 3.493135270795173247e-06 1.579867163768705930e-05 8.427043084709938934e-05 8.118485065870779472e-05 1.230341734270726445e-04 3.201283591798307840e-05 2.141921353131485831e-04 5.702539934451498777e-04 2.926173374591546487e-04 3.336877724982217561e-06 9.874816602759939080e-06 4.579702970236712779e-05 2.163474521771753152e-05 8.137017746999265921e-06 1.725166661864502152e-04 1.984943807388396062e-05 0.000000000000000000e+00 1.029805948851928215e-06 6.972350542941092627e-05 2.063695409502729679e-04 0.000000000000000000e+00 0.000000000000000000e+00 0.000000000000000000e+00 2.320910994299578137e-06 4.091543017605948169e-04 3.087113846779356295e-05 3.905829864895158298e-04 1.071277944827639259e-04 1.805605288205376857e-05 3.447219177689725594e-06 7.541443170645279208e-05 0.000000000000000000e+00 0.000000000000000000e+00 4.230356662672571158e-06 2.145981450298484374e-06 4.146473743982991228e-06 5.978036493084186052e-04 8.345162117045608818e-04
