0.000000000000000000e+00 0.000000000000000000e+00 9.388652883092894101e-04 6.207373807003565777e-05 0.000000000000000000e+00 3.879608629377228712e-04 3.538978991717908057e-02 4.562419748147620961e-03 1.784619969513525110e-04 8.767915502392537117e-04 1.551843451750891376e-04 1.629435624338436135e-04 1.551843451750891444e-05 8.680236347368611161e-02 2.327765177626337336e-05 7.759217258754457221e-06 3.654591328873349563e-03 8.535138984629903113e-05 4.189977319727407204e-04 5.431452081128120224e-05 7.138479878054100440e-04 7.759217258754457221e-06 3.173519858830573144e-03 6.362558152178655023e-04 0.000000000000000000e+00 6.672926842528832973e-04 8.302362466867269650e-04 2.133784746157475765e-03 6.018048905889956945e-02 3.320169065021032206e-02 7.759217258754457221e-06 5.431452081128120224e-05 2.715726040564060044e-04 9.233468537917804584e-04 0.000000000000000000e+00 0.000000000000000000e+00 1.551843451750891444e-05 0.000000000000000000e+00 0.000000000000000000e+00 0.000000000000000000e+00 3.103686903501782888e-05 7.759217258754457221e-06 3.879608629377228441e-05 7.759217258754457221e-06 0.000000000000000000e+00 0.000000000000000000e+00 0.000000000000000000e+00 1.551843451750891444e-05 0.000000000000000000e+00 1.551843451750891444e-05 0.000000000000000000e+00 0.000000000000000000e+00 0.000000000000000000e+00 0.000000000000000000e+00 1.551843451750891444e-05 7.759217258754457221e-06 1.551843451750891444e-05 3.879608629377228712e-04 0.000000000000000000e+00 7.759217258754457221e-06 1.163882588813168668e-04 2.948502558326693778e-04 3.879608629377228441e-05 2.327765177626337336e-05 0.000000000000000000e+00 0.000000000000000000e+00 0.000000000000000000e+00 7.759217258754457221e-06
0.000000000000000000e+00 0.000000000000000000e+00 2.482949522801426311e-04 7.759217258754457221e-06 3.103686903501782888e-05 3.103686903501782888e-05 5.431452081128120224e-05 4.655530355252674671e-05 1.024216678155588471e-02 4.655530355252674671e-05 1.210437892365695415e-03 6.983295532879012007e-05 7.875605517635773586e-03 6.983295532879012007e-05 2.172580832451248090e-04 1.194919457848186463e-03 5.664228598890754364e-04 1.008698243638079422e-04 3.103686903501782753e-04 7.759217258754457221e-06 6.983295532879012007e-05 2.816595864927868079e-02 1.551843451750891376e-04 2.056968495295806790e-02 2.754522126857832445e-02 2.079470225346194759e-03 1.022199281668312171e-01 2.870910385739149561e-04 1.163882588813168668e-04 3.879608629377228441e-05 6.595334669941289299e-04 3.879608629377228441e-05 7.759217258754457221e-06 9.078284192742715067e-04 0.000000000000000000e+00 2.707966823305305894e-03 4.888306873015307863e-04 0.000000000000000000e+00 0.000000000000000000e+00 0.000000000000000000e+00 6.207373807003565777e-05 2.327765177626337336e-05 2.250173005038792577e-04 7.759217258754457221e-06 2.948502558326693778e-04 0.000000000000000000e+00 1.722546231443489520e-03 3.879608629377228441e-05 7.759217258754457221e-06 2.172580832451248090e-04 4.655530355252674671e-04 6.983295532879012007e-05 2.793318213151604803e-04 0.000000000000000000e+00 6.207373807003565777e-05 4.965899045602852621e-04 2.250173005038792577e-04 6.595334669941289299e-04 6.750519015116377732e-04 2.382079698437618558e-03 1.484338261599727794e-02 1.939804314688614356e-04 3.879608629377228441e-05 6.207373807003565777e-05 4.810714700427763646e-04 0.000000000000000000e+00 0.000000000000000000e+00 1.396659106575802401e-04
9.388652883092894101e-04 2.482949522801426311e-04 0.000000000000000000e+00 3.879608629377228441e-05 7.759217258754457221e-06 1.963081966464877946e-03 3.346550403700797316e-02 1.186384318863556615e-02 1.862212142101069869e-04 1.419936758352065721e-03 4.422753837490040938e-04 1.474251279163346889e-04 3.879608629377228441e-05 1.104912537646634760e-02 3.103686903501782888e-05 5.431452081128120089e-04 9.388652883092893364e-02 6.440150324766199781e-04 6.432391107507445631e-03 3.879608629377228441e-05 2.273450656815055940e-02 3.258871248676872270e-04 2.254052613668169891e-01 1.404418323834556769e-03 2.327765177626337336e-05 1.862367326446244808e-01 2.638909789702391095e-01 1.452525470838834411e-02 3.080409251725519434e-03 1.211213814091570765e-02 3.103686903501782888e-05 1.008698243638079422e-04 2.793318213151604803e-04 5.625432512596981877e-03 1.551843451750891444e-05 7.448848568404279474e-04 5.004695131896625543e-03 0.000000000000000000e+00 0.000000000000000000e+00 7.759217258754457221e-06 4.112385147139862446e-04 1.163882588813168668e-04 1.707027796925980623e-04 1.551843451750891444e-05 1.551843451750891444e-05 0.000000000000000000e+00 1.551843451750891444e-05 1.551843451750891376e-04 7.759217258754457221e-06 7.526440740991824233e-04 1.854452924842315284e-03 4.655530355252674671e-05 4.267569492314951421e-04 0.000000000000000000e+00 2.482949522801426311e-04 6.362558152178655023e-04 2.257932222297546945e-03 1.101808850743132969e-03 3.879608629377228441e-05 2.645893085235270087e-03 2.967900601473580022e-02 5.974597289240932314e-04 8.535138984629903113e-05 2.250173005038792577e-04 1.551843451750891444e-05 0.000000000000000000e+00 7.759217258754457221e-06 1.862212142101069869e-04
6.207373807003565777e-05 7.759217258754457221e-06 3.879608629377228441e-05 0.000000000000000000e+00 5.664228598890754364e-04 3.165760641571818777e-03 1.575121103527154804e-03 2.141543963416230132e-03 1.158451136732040546e-02 8.495566976610255394e-02 5.353859908540575330e-04 6.196510902841309565e-02 8.535138984629903113e-05 1.862212142101069869e-03 3.802016456789684279e-03 0.000000000000000000e+00 5.431452081128120224e-05 1.629435624338436135e-04 9.311060710505349343e-05 2.378976011534116586e-01 1.551843451750891444e-05 7.759217258754457221e-06 4.655530355252674671e-05 4.586473321649759544e-02 7.759217258754457221e-06 2.250173005038792577e-04 1.163882588813168668e-04 1.179944168538790417e-01 2.956261775585448254e-03 1.086290416225624045e-04 3.103686903501782888e-05 2.172580832451248090e-04 7.759217258754456882e-05 1.101808850743132969e-03 7.759217258754457221e-06 7.759217258754457221e-06 0.000000000000000000e+00 5.865968247618370303e-03 3.103686903501782888e-05 3.957200801964773471e-04 5.664228598890754364e-04 2.870910385739149561e-04 1.427695975610820088e-03 5.718543119702035153e-03 3.879608629377228441e-05 2.599337781682743449e-03 7.759217258754457221e-06 1.862212142101069869e-04 1.474251279163346889e-04 0.000000000000000000e+00 0.000000000000000000e+00 7.759217258754457221e-06 0.000000000000000000e+00 2.475190305542671835e-03 0.000000000000000000e+00 7.759217258754457221e-06 7.759217258754457221e-06 5.889245899394632972e-03 0.000000000000000000e+00 7.759217258754457221e-06 3.103686903501782888e-05 7.704902737943176635e-03 2.793318213151604803e-04 1.551843451750891444e-05 0.000000000000000000e+00 7.759217258754457221e-06 7.759217258754457221e-06 1.008698243638079422e-04
0.000000000000000000e+00 3.103686903501782888e-05 7.759217258754457221e-06 5.664228598890754364e-04 0.000000000000000000e+00 1.492097478858482248e-02 1.939804314688614356e-04 8.147178121692180133e-04 1.140604937036905240e-03 6.129781634416021831e-04 1.319066933988257914e-04 2.808836647669113538e-03 4.655530355252674671e-05 1.319066933988257914e-04 1.555723060380268669e-02 0.000000000000000000e+00 1.551843451750891444e-05 2.327765177626337336e-05 1.551843451750891444e-05 3.957200801964773471e-04 7.759217258754457221e-06 3.879608629377228441e-05 1.551843451750891444e-05 2.211376918745020306e-03 2.327765177626337336e-05 3.879608629377228441e-05 1.319066933988257914e-04 7.060887705466556766e-04 1.784619969513525110e-04 1.551843451750891444e-05 7.759217258754457221e-06 6.339280500402391487e-03 7.759217258754457221e-06 1.026544443333214651e-02 0.000000000000000000e+00 0.000000000000000000e+00 0.000000000000000000e+00 2.327765177626337336e-05 0.000000000000000000e+00 7.759217258754457221e-06 7.759217258754457221e-06 0.000000000000000000e+00 2.327765177626337336e-05 3.103686903501782888e-05 0.000000000000000000e+00 3.103686903501782888e-05 0.000000000000000000e+00 0.000000000000000000e+00 7.759217258754457221e-06 0.000000000000000000e+00 0.000000000000000000e+00 0.000000000000000000e+00 0.000000000000000000e+00 1.551843451750891444e-05 0.000000000000000000e+00 0.000000000000000000e+00 0.000000000000000000e+00 1.008698243638079422e-04 0.000000000000000000e+00 0.000000000000000000e+00 1.551843451750891444e-05 7.759217258754456882e-05 7.759217258754457221e-06 0.000000000000000000e+00 0.000000000000000000e+00 0.000000000000000000e+00 0.000000000000000000e+00 0.000000000000000000e+00
3.879608629377228712e-04 3.103686903501782888e-05 1.963081966464877946e-03 3.165760641571818777e-03 1.492097478858482248e-02 0.000000000000000000e+00 3.667006076487356464e-02 1.458577660300662826e-01 1.994118835499895416e-03 2.032992513966255521e-01 3.460610897404488209e-03 9.876707648668549278e-02 9.078284192742715067e-04 1.412953462819186747e-02 3.261199013854498840e-02 7.759217258754457221e-06 1.156123371554414192e-03 9.466245055680437776e-04 6.672926842528832973e-04 4.647771137993920304e-03 6.672926842528832973e-04 4.655530355252674671e-05 1.800138404031034062e-03 3.491647766439506112e-03 5.431452081128120224e-05 2.110507094381212662e-03 1.078531198966869650e-03 1.757462709107884477e-02 9.512800359232964631e-03 1.450973627387083624e-03 1.784619969513525110e-04 1.048270251657727227e-02 2.638133867976515828e-04 5.074528087225415283e-03 7.759217258754457221e-06 7.759217258754457221e-06 1.551843451750891444e-05 3.802016456789683954e-04 7.759217258754457221e-06 1.008698243638079422e-04 2.948502558326693778e-04 1.241474761400713155e-04 2.715726040564060044e-04 7.681625086166912666e-04 3.103686903501782888e-05 3.258871248676872270e-04 3.879608629377228441e-05 1.008698243638079422e-04 3.879608629377228441e-05 1.551843451750891444e-05 7.759217258754457221e-06 0.000000000000000000e+00 0.000000000000000000e+00 2.172580832451248090e-04 7.759217258754457221e-06 2.327765177626337336e-05 2.327765177626337336e-05 1.885489793877333188e-03 7.759217258754457221e-06 3.103686903501782888e-05 2.172580832451248090e-04 1.908767445653596507e-03 1.629435624338436135e-04 3.879608629377228441e-05 7.759217258754457221e-06 7.759217258754457221e-06 7.759217258754457221e-06 6.207373807003565777e-05
3.538978991717908057e-02 5.431452081128120224e-05 3.346550403700797316e-02 1.575121103527154804e-03 1.939804314688614356e-04 3.667006076487356464e-02 0.000000000000000000e+00 8.543674123614533600e-02 3.274389683194381222e-03 1.767084138508740188e-01 2.676929954270287990e-03 2.987298644620466157e-03 2.948502558326693778e-04 1.686698647708043952e-01 9.388652883092894101e-04 2.017396487276158844e-04 8.325640118643532969e-03 1.024216678155588428e-03 1.800138404031034062e-03 8.147178121692180133e-04 2.088781286056699826e-02 1.396659106575802401e-04 3.365948446847683712e-02 1.521582504441749105e-02 3.103686903501782888e-05 9.567114880044245637e-03 8.457546812042358517e-03 4.578170959182892852e-01 5.307304604988048735e-02 1.305022750749912086e-01 1.241474761400713155e-04 9.000692020155170309e-04 4.461549923783812883e-03 1.293461517034368014e-02 4.655530355252674671e-05 6.983295532879012007e-05 3.181279076089327511e-04 5.121083390777942139e-04 7.759217258754457221e-06 1.707027796925980623e-04 1.078531198966869650e-03 3.569239939027050220e-04 9.543837228267982534e-04 1.109568068001887337e-03 4.655530355252674671e-05 2.948502558326693778e-04 2.327765177626337336e-05 3.802016456789683954e-04 5.431452081128120224e-05 3.802016456789683954e-04 1.008698243638079422e-04 1.551843451750891444e-05 2.327765177626337336e-05 2.793318213151604803e-04 1.939804314688614356e-04 2.017396487276158844e-04 5.509044253715664847e-04 7.852327865859511785e-03 1.551843451750891444e-05 1.629435624338436135e-04 2.607096998941497816e-03 7.153998312571610042e-03 8.224770294279724892e-04 3.957200801964773471e-04 7.759217258754457221e-06 7.759217258754457221e-06 6.983295532879012007e-05 2.482949522801426311e-04
4.562419748147620961e-03 4.655530355252674671e-05 1.186384318863556615e-02 2.141543963416230132e-03 8.147178121692180133e-04 1.458577660300662826e-01 8.543674123614533600e-02 0.000000000000000000e+00 1.590639538044663756e-03 8.271325597832251963e-02 2.855391951221640176e-03 2.390614837422248493e-02 8.379954639454814409e-04 1.841417439847607973e-01 2.382079698437618558e-03 6.207373807003565777e-05 1.327602072972887751e-02 8.224770294279724892e-04 2.164821615192493668e-03 3.646832111614595195e-03 4.833992352204026857e-03 8.535138984629903113e-05 1.599950598755169040e-02 4.647771137993920304e-03 5.431452081128120224e-05 6.851388839480185809e-03 5.276267735953031439e-03 1.862988063826945262e-02 1.520030660989998318e-02 2.208273231841518733e-02 1.241474761400713155e-04 1.083962651047997751e-02 6.129781634416021831e-04 5.648710164373245413e-03 2.327765177626337336e-05 3.879608629377228441e-05 1.163882588813168668e-04 2.017396487276158844e-04 0.000000000000000000e+00 7.759217258754456882e-05 5.353859908540575330e-04 1.784619969513525110e-04 4.655530355252674671e-04 4.500346010077585154e-04 3.879608629377228441e-05 1.707027796925980623e-04 3.879608629377228441e-05 1.939804314688614356e-04 3.103686903501782888e-05 7.759217258754456882e-05 3.103686903501782888e-05 0.000000000000000000e+00 7.759217258754457221e-06 1.086290416225624045e-04 5.431452081128120224e-05 7.759217258754456882e-05 1.163882588813168668e-04 3.809775674048438646e-03 7.759217258754457221e-06 7.759217258754456882e-05 9.466245055680437776e-04 2.979539427361711790e-03 4.112385147139862446e-04 1.707027796925980623e-04 7.759217258754457221e-06 7.759217258754457221e-06 3.103686903501782888e-05 1.319066933988257914e-04
1.784619969513525110e-04 1.024216678155588471e-02 1.862212142101069869e-04 1.158451136732040546e-02 1.140604937036905240e-03 1.994118835499895416e-03 3.274389683194381222e-03 1.590639538044663756e-03 0.000000000000000000e+00 7.557477610026841486e-03 7.060887705466556766e-04 1.312083638455378842e-02 2.715726040564060261e-03 1.575121103527154804e-03 1.063788686175236135e-02 9.000692020155170309e-04 4.810714700427763646e-04 1.396659106575802401e-04 2.172580832451248090e-04 4.360680099420004806e-03 3.646832111614594979e-04 3.715113223491633976e-02 4.345161664902496179e-04 1.807897621289788481e-01 7.774735693271966376e-03 1.055253547190606331e-03 3.619674851208954519e-02 2.272674735089180720e-02 3.553721504509541485e-03 1.660472493373453930e-03 4.189977319727407204e-04 1.784619969513525110e-04 5.121083390777942139e-04 1.365622237540784498e-03 8.535138984629903113e-05 4.034792974552317687e-04 1.862212142101069869e-04 1.613917189820927075e-03 3.879608629377228441e-05 2.405357350213881823e-04 1.218197109624449782e-03 4.189977319727407204e-04 7.495403871956805679e-03 1.947563531947368778e-03 2.017396487276158844e-04 8.767915502392537117e-04 7.991993776517091700e-04 5.741820771478299123e-04 1.862212142101069869e-04 1.094049633484378602e-03 1.474251279163346889e-04 5.431452081128120224e-05 9.311060710505349343e-05 6.750519015116377732e-04 4.733122527840218888e-04 1.350103803023275546e-03 3.646832111614594979e-04 1.707803718651856179e-02 2.405357350213881823e-04 8.612731157217447600e-04 4.221014188762425325e-03 8.496342898336131655e-03 1.249233978659467685e-03 7.991993776517091700e-04 2.715726040564060044e-04 1.551843451750891444e-05 1.086290416225624045e-04 3.414055593851961245e-04
8.767915502392537117e-04 4.655530355252674671e-05 1.419936758352065721e-03 8.495566976610255394e-02 6.129781634416021831e-04 2.032992513966255521e-01 1.767084138508740188e-01 8.271325597832251963e-02 7.557477610026841486e-03 0.000000000000000000e+00 8.527379767371149125e-03 1.249777123867580469e-01 1.024216678155588428e-03 4.969002732506354325e-02 2.645893085235270087e-03 1.551843451750891444e-05 1.288030064953239956e-03 2.940743341067939519e-03 2.133784746157475765e-03 9.094578548986100019e-02 4.810714700427763646e-04 4.655530355252674671e-05 1.326826151247012227e-03 7.076406139984065501e-03 7.759217258754456882e-05 4.383957751196268342e-03 2.032914921793667687e-03 1.398443726545315902e-01 3.936250915366136527e-02 1.714787014184735153e-03 4.422753837490040938e-04 2.451912653766408733e-03 5.121083390777942139e-04 1.471923513985720633e-02 2.327765177626337336e-05 3.103686903501782888e-05 2.327765177626337336e-05 5.990115723758441049e-03 3.879608629377228441e-05 9.388652883092894101e-04 1.675990927890962882e-03 7.448848568404279474e-04 2.079470225346194759e-03 1.091721868306752205e-02 1.086290416225624045e-04 3.437333245628224673e-03 5.431452081128120224e-05 5.043491218190397380e-04 2.327765177626337336e-04 1.551843451750891444e-05 7.759217258754457221e-06 7.759217258754457221e-06 7.759217258754457221e-06 3.251112031418117686e-03 1.551843451750891444e-05 3.879608629377228441e-05 3.103686903501782888e-05 1.187936162315307402e-02 2.327765177626337336e-05 7.759217258754456882e-05 3.491647766439506004e-04 1.666679867180457381e-02 7.914401603929546941e-04 8.535138984629903113e-05 1.551843451750891444e-05 2.327765177626337336e-05 3.103686903501782888e-05 3.103686903501782753e-04
1.551843451750891376e-04 1.210437892365695415e-03 4.422753837490040938e-04 5.353859908540575330e-04 1.319066933988257914e-04 3.460610897404488209e-03 2.676929954270287990e-03 2.855391951221640176e-03 7.060887705466556766e-04 8.527379767371149125e-03 0.000000000000000000e+00 8.023030645552108736e-03 4.205495754244915896e-02 6.579816235423779913e-03 2.250173005038792577e-04 3.879608629377228441e-05 4.857270003980290393e-03 8.310897605851899628e-02 3.005144844315601332e-02 1.280270847694485589e-03 5.353859908540575330e-04 6.052189461828477073e-04 1.288030064953239956e-03 1.016457460896833843e-03 5.090046521742924018e-03 4.540693939823108732e-02 6.967777098361502622e-03 2.126025528898721397e-03 1.597622833577542686e-02 6.672926842528832973e-04 8.147178121692180350e-03 7.914401603929546725e-03 1.008698243638079422e-04 8.357452909404426700e-02 0.000000000000000000e+00 3.957200801964773471e-04 3.103686903501782888e-05 7.759217258754457221e-06 0.000000000000000000e+00 7.759217258754457221e-06 5.431452081128120224e-05 1.551843451750891444e-05 2.793318213151604803e-04 2.327765177626337336e-05 1.978600400982386681e-03 2.327765177626337336e-05 9.163635582589015061e-03 3.103686903501782888e-05 7.759217258754457221e-06 1.551843451750891444e-05 2.327765177626337336e-05 1.163882588813168668e-04 3.879608629377228441e-05 7.759217258754457221e-06 7.759217258754457221e-06 1.629435624338436135e-04 1.551843451750891444e-05 5.431452081128120089e-04 1.179401023330677511e-03 1.551843451750891485e-03 4.221014188762425325e-03 2.638133867976515828e-04 7.759217258754456882e-05 1.551843451750891444e-05 2.157062397933739301e-03 3.103686903501782888e-05 0.000000000000000000e+00 3.258871248676872270e-04
1.629435624338436135e-04 6.983295532879012007e-05 1.474251279163346889e-04 6.196510902841309565e-02 2.808836647669113538e-03 9.876707648668549278e-02 2.987298644620466157e-03 2.390614837422248493e-02 1.312083638455378842e-02 1.249777123867580469e-01 8.023030645552108736e-03 0.000000000000000000e+00 1.264752413176976637e-03 1.356311176830279214e-02 2.614856216200252270e-02 0.000000000000000000e+00 4.112385147139862446e-04 2.405357350213881661e-03 1.288030064953239956e-03 1.478674033000836885e-01 7.759217258754456882e-05 6.983295532879012007e-05 2.250173005038792577e-04 2.288969091332564848e-02 1.086290416225624045e-04 2.964020992844202621e-03 1.218197109624449782e-03 2.151630945852611027e-02 1.163882588813168646e-02 3.646832111614594979e-04 4.345161664902496179e-04 2.731244475081568996e-03 6.207373807003565777e-05 7.223831267900399783e-03 0.000000000000000000e+00 1.551843451750891444e-05 0.000000000000000000e+00 1.963081966464877946e-03 3.879608629377228441e-05 2.715726040564060044e-04 2.638133867976515828e-04 1.629435624338436135e-04 5.897005116653387556e-04 2.304487525850074017e-03 5.431452081128120224e-05 5.121083390777942355e-03 6.983295532879012007e-05 1.086290416225624045e-04 1.241474761400713155e-04 0.000000000000000000e+00 0.000000000000000000e+00 7.759217258754457221e-06 0.000000000000000000e+00 1.295789282211994324e-03 0.000000000000000000e+00 7.759217258754457221e-06 0.000000000000000000e+00 2.358802046661355022e-03 2.327765177626337336e-05 6.207373807003565777e-05 1.707027796925980623e-04 2.948502558326693886e-03 1.474251279163346889e-04 1.551843451750891444e-05 1.551843451750891444e-05 7.759217258754457221e-06 7.759217258754457221e-06 6.983295532879012007e-05
1.551843451750891444e-05 7.875605517635773586e-03 3.879608629377228441e-05 8.535138984629903113e-05 4.655530355252674671e-05 9.078284192742715067e-04 2.948502558326693778e-04 8.379954639454814409e-04 2.715726040564060261e-03 1.024216678155588428e-03 4.205495754244915896e-02 1.264752413176976637e-03 0.000000000000000000e+00 9.466245055680437776e-04 1.241474761400713155e-04 5.431452081128120224e-05 6.207373807003565777e-05 5.586636426303209606e-04 1.086290416225624045e-04 1.784619969513525110e-04 2.327765177626337336e-05 3.747701935978402839e-03 5.431452081128120224e-05 2.762281344116586899e-03 6.390491334310170746e-02 3.646832111614595195e-03 4.689670911191193975e-02 3.026094730914238536e-04 1.707027796925980568e-03 4.655530355252674671e-05 2.026707547986664193e-02 1.908767445653596507e-03 0.000000000000000000e+00 1.664352102002831027e-02 0.000000000000000000e+00 1.474251279163346943e-03 1.551843451750891444e-05 7.759217258754457221e-06 0.000000000000000000e+00 2.327765177626337336e-05 2.327765177626337336e-05 4.655530355252674671e-05 8.457546812042359167e-04 3.103686903501782888e-05 5.982356506499687115e-03 4.655530355252674671e-05 3.708905849684630829e-02 7.759217258754456882e-05 3.103686903501782888e-05 2.327765177626337336e-05 2.327765177626337336e-05 3.414055593851961245e-04 7.759217258754456882e-05 7.759217258754457221e-06 7.759217258754457221e-06 6.052189461828477073e-04 1.551843451750891444e-05 5.664228598890754364e-04 5.656469381631999346e-03 3.964960019223528163e-03 1.491321557132606682e-02 8.535138984629903113e-05 1.707027796925980623e-04 7.759217258754457221e-06 7.402293264851752402e-03 1.319066933988257914e-04 0.000000000000000000e+00 9.854205918618161569e-04
8.680236347368611161e-02 6.983295532879012007e-05 1.104912537646634760e-02 1.862212142101069869e-03 1.319066933988257914e-04 1.412953462819186747e-02 1.686698647708043952e-01 1.841417439847607973e-01 1.575121103527154804e-03 4.969002732506354325e-02 6.579816235423779913e-03 1.356311176830279214e-02 9.466245055680437776e-04 0.000000000000000000e+00 6.207373807003565506e-04 8.535138984629903113e-05 2.177236362806500916e-02 1.893249011136087555e-03 3.732183501460894105e-03 2.847632733962885809e-03 5.640950947114490611e-03 1.086290416225624045e-04 2.296728308591319476e-02 4.919343742050326200e-03 8.535138984629903113e-05 7.914401603929546725e-03 6.797074318668904803e-03 2.198962171131013318e-02 1.346069010048723258e-01 7.575323809721977442e-02 2.405357350213881823e-04 6.533260931871252841e-03 9.931798091205705243e-04 8.961895933861398905e-03 2.327765177626337336e-05 4.655530355252674671e-05 1.163882588813168668e-04 1.008698243638079422e-04 0.000000000000000000e+00 3.879608629377228441e-05 4.034792974552317687e-04 1.241474761400713155e-04 4.112385147139862446e-04 2.017396487276158844e-04 3.103686903501782888e-05 8.535138984629903113e-05 7.759217258754456882e-05 1.551843451750891376e-04 1.551843451750891444e-05 1.008698243638079422e-04 3.879608629377228441e-05 7.759217258754457221e-06 1.551843451750891444e-05 5.431452081128120224e-05 7.759217258754456882e-05 8.535138984629903113e-05 1.241474761400713155e-04 3.437333245628224673e-03 2.327765177626337336e-05 1.396659106575802401e-04 1.156123371554414192e-03 2.583819347165234280e-03 3.569239939027050220e-04 2.094988659863703602e-04 2.327765177626337336e-05 0.000000000000000000e+00 3.103686903501782888e-05 1.163882588813168668e-04
2.327765177626337336e-05 2.172580832451248090e-04 3.103686903501782888e-05 3.802016456789684279e-03 1.555723060380268669e-02 3.261199013854498840e-02 9.388652883092894101e-04 2.382079698437618558e-03 1.063788686175236135e-02 2.645893085235270087e-03 2.250173005038792577e-04 2.614856216200252270e-02 1.241474761400713155e-04 6.207373807003565506e-04 0.000000000000000000e+00 7.759217258754457221e-06 4.655530355252674671e-05 5.431452081128120224e-05 3.103686903501782888e-05 2.451912653766408733e-03 3.103686903501782888e-05 3.569239939027050220e-04 5.431452081128120224e-05 1.638746685048941484e-02 1.396659106575802401e-04 1.086290416225624045e-04 9.931798091205705243e-04 4.329643230384987336e-03 7.991993776517091700e-04 1.086290416225624045e-04 2.327765177626337336e-05 1.474251279163346943e-03 6.207373807003565777e-05 5.198675563365486897e-04 0.000000000000000000e+00 7.759217258754457221e-06 7.759217258754457221e-06 1.396659106575802401e-04 7.759217258754457221e-06 3.103686903501782888e-05 6.207373807003565777e-05 2.327765177626337336e-05 1.474251279163346889e-04 1.862212142101069869e-04 7.759217258754457221e-06 1.396659106575802401e-04 1.551843451750891444e-05 2.327765177626337336e-05 2.327765177626337336e-05 1.551843451750891444e-05 0.000000000000000000e+00 0.000000000000000000e+00 0.000000000000000000e+00 7.759217258754456882e-05 7.759217258754457221e-06 2.327765177626337336e-05 7.759217258754457221e-06 6.983295532879012007e-04 0.000000000000000000e+00 2.327765177626337336e-05 1.163882588813168668e-04 5.276267735953031656e-04 4.655530355252674671e-05 1.551843451750891444e-05 0.000000000000000000e+00 0.000000000000000000e+00 0.000000000000000000e+00 1.551843451750891444e-05
7.759217258754457221e-06 1.194919457848186463e-03 5.431452081128120089e-04 0.000000000000000000e+00 0.000000000000000000e+00 7.759217258754457221e-06 2.017396487276158844e-04 6.207373807003565777e-05 9.000692020155170309e-04 1.551843451750891444e-05 3.879608629377228441e-05 0.000000000000000000e+00 5.431452081128120224e-05 8.535138984629903113e-05 7.759217258754457221e-06 0.000000000000000000e+00 1.109568068001887337e-03 2.327765177626337336e-05 1.939804314688614356e-04 0.000000000000000000e+00 4.593456617182638951e-02 4.539918018097233166e-02 8.197613033874084909e-02 3.228610301367729890e-02 1.784619969513525110e-04 5.121083390777942139e-04 8.131659687174672135e-02 1.129742032874649083e-02 1.241474761400713155e-04 6.983295532879012007e-04 7.759217258754457221e-06 0.000000000000000000e+00 3.103686903501782888e-05 7.216072050641645199e-04 2.327765177626337336e-05 2.870910385739149561e-04 8.302362466867269650e-04 0.000000000000000000e+00 0.000000000000000000e+00 7.759217258754457221e-06 4.500346010077585154e-04 7.759217258754456882e-05 2.715726040564060044e-04 1.551843451750891444e-05 1.551843451750891444e-05 0.000000000000000000e+00 2.327765177626337336e-05 1.396659106575802401e-04 1.551843451750891444e-05 4.458446236880311137e-02 3.258871248676872270e-04 1.551843451750891444e-05 7.759217258754456882e-05 0.000000000000000000e+00 5.307304604988048909e-03 7.611792130838122492e-03 2.542695495693835656e-02 8.519620550112395191e-03 2.327765177626337336e-05 2.793318213151604803e-04 1.765997848092514672e-02 4.221014188762425325e-03 2.482949522801426311e-04 9.233468537917804584e-04 7.759217258754457221e-06 0.000000000000000000e+00 3.879608629377228441e-05 2.094988659863703602e-04
3.654591328873349563e-03 5.664228598890754364e-04 9.388652883092893364e-02 5.431452081128120224e-05 1.551843451750891444e-05 1.156123371554414192e-03 8.325640118643532969e-03 1.327602072972887751e-02 4.810714700427763646e-04 1.288030064953239956e-03 4.857270003980290393e-03 4.112385147139862446e-04 6.207373807003565777e-05 2.177236362806500916e-02 4.655530355252674671e-05 1.109568068001887337e-03 0.000000000000000000e+00 4.391716968455023143e-03 9.938005465012708650e-02 8.535138984629903113e-05 1.312083638455378842e-02 7.836809431342002183e-04 1.271502932192092872e-01 2.762281344116586899e-03 3.879608629377228441e-05 8.666269756302853733e-02 1.051218754216053930e-01 6.866907273997694544e-03 1.959202357835500632e-02 2.619511746555504977e-02 6.207373807003565777e-05 2.327765177626337336e-04 1.699268579667226201e-03 5.495077662649906769e-02 7.759217258754457221e-06 7.681625086166912666e-04 2.180340049710002403e-03 0.000000000000000000e+00 0.000000000000000000e+00 0.000000000000000000e+00 1.707027796925980623e-04 3.879608629377228441e-05 1.474251279163346889e-04 7.759217258754457221e-06 1.551843451750891444e-05 0.000000000000000000e+00 3.103686903501782888e-05 6.983295532879012007e-05 7.759217258754457221e-06 4.965899045602852621e-04 1.039735112673097379e-03 3.879608629377228441e-05 3.491647766439506004e-04 0.000000000000000000e+00 1.629435624338436135e-04 4.965899045602852621e-04 9.311060710505349343e-04 8.690323329804992359e-04 5.431452081128120224e-05 2.475190305542671835e-03 1.794706951949906135e-02 4.345161664902496179e-04 5.431452081128120224e-05 1.163882588813168668e-04 2.327765177626337336e-05 0.000000000000000000e+00 7.759217258754457221e-06 1.163882588813168668e-04
8.535138984629903113e-05 1.008698243638079422e-04 6.440150324766199781e-04 1.629435624338436135e-04 2.327765177626337336e-05 9.466245055680437776e-04 1.024216678155588428e-03 8.224770294279724892e-04 1.396659106575802401e-04 2.940743341067939519e-03 8.310897605851899628e-02 2.405357350213881661e-03 5.586636426303209606e-04 1.893249011136087555e-03 5.431452081128120224e-05 2.327765177626337336e-05 4.391716968455023143e-03 0.000000000000000000e+00 6.575936626794402773e-02 4.112385147139862446e-04 3.336463421264416486e-04 6.983295532879012007e-05 8.690323329804992359e-04 2.715726040564060044e-04 1.939804314688614356e-04 6.185647998679053711e-02 6.952258663843993887e-03 7.991993776517091700e-04 3.351981855781925763e-03 3.646832111614594979e-04 1.171641806071923144e-03 8.767915502392537117e-04 5.431452081128120224e-05 1.049822095109478187e-02 0.000000000000000000e+00 1.241474761400713155e-04 4.655530355252674671e-05 0.000000000000000000e+00 0.000000000000000000e+00 0.000000000000000000e+00 1.551843451750891444e-05 0.000000000000000000e+00 4.655530355252674671e-05 0.000000000000000000e+00 1.086290416225624045e-04 7.759217258754457221e-06 6.284965979591110264e-04 7.759217258754457221e-06 0.000000000000000000e+00 7.759217258754457221e-06 3.103686903501782888e-05 9.311060710505349343e-05 7.759217258754456882e-05 0.000000000000000000e+00 7.759217258754457221e-06 3.103686903501782888e-05 1.551843451750891444e-05 1.474251279163346889e-04 2.094988659863703602e-04 1.893249011136087555e-03 3.437333245628224673e-03 6.207373807003565777e-05 7.759217258754457221e-06 7.759217258754457221e-06 5.586636426303209606e-04 0.000000000000000000e+00 0.000000000000000000e+00 3.103686903501782888e-05
4.189977319727407204e-04 3.103686903501782753e-04 6.432391107507445631e-03 9.311060710505349343e-05 1.551843451750891444e-05 6.672926842528832973e-04 1.800138404031034062e-03 2.164821615192493668e-03 2.172580832451248090e-04 2.133784746157475765e-03 3.005144844315601332e-02 1.288030064953239956e-03 1.086290416225624045e-04 3.732183501460894105e-03 3.103686903501782888e-05 1.939804314688614356e-04 9.938005465012708650e-02 6.575936626794402773e-02 0.000000000000000000e+00 2.405357350213881823e-04 2.490708740060181003e-03 2.094988659863703602e-04 6.626371538976306985e-03 6.052189461828477073e-04 1.008698243638079422e-04 1.152631723787974627e-01 2.659859676301028208e-02 1.427695975610820088e-03 4.981417480120362007e-03 2.405357350213881661e-03 2.405357350213881823e-04 3.414055593851961245e-04 2.870910385739149561e-04 3.751581544607780067e-02 0.000000000000000000e+00 3.802016456789683954e-04 4.189977319727407204e-04 0.000000000000000000e+00 0.000000000000000000e+00 0.000000000000000000e+00 3.879608629377228441e-05 7.759217258754457221e-06 6.983295532879012007e-05 0.000000000000000000e+00 2.327765177626337336e-05 0.000000000000000000e+00 1.163882588813168668e-04 1.551843451750891444e-05 0.000000000000000000e+00 7.759217258754456882e-05 2.715726040564060044e-04 6.983295532879012007e-05 2.715726040564060044e-04 0.000000000000000000e+00 3.103686903501782888e-05 1.008698243638079422e-04 1.396659106575802401e-04 2.327765177626337336e-04 1.707027796925980623e-04 2.669170737011533189e-03 7.402293264851752402e-03 9.311060710505349343e-05 1.551843451750891444e-05 3.103686903501782888e-05 1.163882588813168668e-04 0.000000000000000000e+00 0.000000000000000000e+00 4.655530355252674671e-05
5.431452081128120224e-05 7.759217258754457221e-06 3.879608629377228441e-05 2.378976011534116586e-01 3.957200801964773471e-04 4.647771137993920304e-03 8.147178121692180133e-04 3.646832111614595195e-03 4.360680099420004806e-03 9.094578548986100019e-02 1.280270847694485589e-03 1.478674033000836885e-01 1.784619969513525110e-04 2.847632733962885809e-03 2.451912653766408733e-03 0.000000000000000000e+00 8.535138984629903113e-05 4.112385147139862446e-04 2.405357350213881823e-04 0.000000000000000000e+00 1.551843451750891444e-05 7.759217258754457221e-06 5.431452081128120224e-05 1.027320365059090218e-02 1.551843451750891444e-05 4.888306873015307863e-04 2.094988659863703602e-04 3.024542887462487728e-02 3.282148900453135589e-03 1.008698243638079422e-04 6.207373807003565777e-05 3.646832111614594979e-04 3.103686903501782888e-05 1.559602669009646069e-03 0.000000000000000000e+00 0.000000000000000000e+00 0.000000000000000000e+00 2.475190305542671835e-03 1.551843451750891444e-05 2.327765177626337336e-04 3.414055593851961245e-04 1.629435624338436135e-04 6.284965979591110264e-04 3.189038293348081879e-03 2.327765177626337336e-05 1.660472493373453930e-03 7.759217258754457221e-06 1.086290416225624045e-04 8.535138984629903113e-05 0.000000000000000000e+00 0.000000000000000000e+00 0.000000000000000000e+00 0.000000000000000000e+00 1.187160240589432095e-03 0.000000000000000000e+00 7.759217258754457221e-06 0.000000000000000000e+00 2.863151168480394977e-03 0.000000000000000000e+00 7.759217258754457221e-06 3.879608629377228441e-05 3.980478453741036898e-03 1.551843451750891376e-04 7.759217258754457221e-06 0.000000000000000000e+00 7.759217258754457221e-06 7.759217258754457221e-06 5.431452081128120224e-05
7.138479878054100440e-04 6.983295532879012007e-05 2.273450656815055940e-02 1.551843451750891444e-05 7.759217258754457221e-06 6.672926842528832973e-04 2.088781286056699826e-02 4.833992352204026857e-03 3.646832111614594979e-04 4.810714700427763646e-04 5.353859908540575330e-04 7.759217258754456882e-05 2.327765177626337336e-05 5.640950947114490611e-03 3.103686903501782888e-05 4.593456617182638951e-02 1.312083638455378842e-02 3.336463421264416486e-04 2.490708740060181003e-03 1.551843451750891444e-05 0.000000000000000000e+00 1.179401023330677511e-03 5.454729732904383122e-01 4.368439316678759607e-03 1.551843451750891444e-05 3.879608629377228821e-03 1.674439084439212008e-02 1.332180011155552901e-01 6.486705628318726637e-03 2.138517868685315959e-01 7.759217258754457221e-06 6.983295532879012007e-05 2.451912653766408733e-03 6.102624374010380548e-02 3.879608629377228441e-05 9.311060710505349343e-05 2.948502558326693778e-04 0.000000000000000000e+00 0.000000000000000000e+00 7.759217258754457221e-06 2.560541695388971069e-04 6.983295532879012007e-05 2.172580832451248090e-04 1.551843451750891444e-05 7.759217258754457221e-06 0.000000000000000000e+00 0.000000000000000000e+00 1.474251279163346889e-04 7.759217258754457221e-06 6.106503982639757862e-03 1.319066933988257914e-04 7.759217258754457221e-06 3.879608629377228441e-05 0.000000000000000000e+00 3.320944986746907860e-03 1.233715544141958734e-03 3.010576296396729693e-03 5.625432512596981877e-03 7.759217258754457221e-06 1.474251279163346889e-04 3.313185769488153493e-03 3.957200801964773362e-03 4.577938182665129913e-04 1.194919457848186463e-03 0.000000000000000000e+00 0.000000000000000000e+00 6.207373807003565777e-05 1.862212142101069869e-04
7.759217258754457221e-06 2.816595864927868079e-02 3.258871248676872270e-04 7.759217258754457221e-06 3.879608629377228441e-05 4.655530355252674671e-05 1.396659106575802401e-04 8.535138984629903113e-05 3.715113223491633976e-02 4.655530355252674671e-05 6.052189461828477073e-04 6.983295532879012007e-05 3.747701935978402839e-03 1.086290416225624045e-04 3.569239939027050220e-04 4.539918018097233166e-02 7.836809431342002183e-04 6.983295532879012007e-05 2.094988659863703602e-04 7.759217258754457221e-06 1.179401023330677511e-03 0.000000000000000000e+00 2.226895353262529475e-03 1.000085512480862054e-01 1.022664834703837511e-02 1.125086502519396289e-03 8.428837708184967747e-02 2.320005960367582751e-03 1.784619969513525110e-04 2.094988659863703602e-04 4.345161664902496179e-04 3.103686903501782888e-05 2.327765177626337336e-05 6.672926842528832973e-04 1.551843451750891444e-05 8.767915502392537117e-04 6.440150324766199781e-04 7.759217258754457221e-06 0.000000000000000000e+00 7.759217258754457221e-06 1.939804314688614356e-04 5.431452081128120224e-05 5.353859908540575330e-04 1.551843451750891444e-05 1.629435624338436135e-04 7.759217258754457221e-06 1.016457460896833843e-03 9.311060710505349343e-05 1.551843451750891444e-05 7.379015613075488866e-03 3.724424284202139737e-04 3.879608629377228441e-05 1.241474761400713155e-04 0.000000000000000000e+00 8.535138984629902842e-04 5.881486682135879038e-03 3.095927686243028602e-03 4.252051057797442794e-03 2.715726040564060044e-04 1.055253547190606331e-03 1.468043905356343319e-02 1.660472493373453930e-03 1.629435624338436135e-04 2.715726040564060044e-04 3.103686903501782753e-04 0.000000000000000000e+00 1.551843451750891444e-05 1.474251279163346889e-04
3.173519858830573144e-03 1.551843451750891376e-04 2.254052613668169891e-01 4.655530355252674671e-05 1.551843451750891444e-05 1.800138404031034062e-03 3.365948446847683712e-02 1.599950598755169040e-02 4.345161664902496179e-04 1.326826151247012227e-03 1.288030064953239956e-03 2.250173005038792577e-04 5.431452081128120224e-05 2.296728308591319476e-02 5.431452081128120224e-05 8.197613033874084909e-02 1.271502932192092872e-01 8.690323329804992359e-04 6.626371538976306985e-03 5.431452081128120224e-05 5.454729732904383122e-01 2.226895353262529475e-03 0.000000000000000000e+00 6.913462577550221616e-03 1.551843451750891444e-05 2.426307236812519016e-02 2.201212344136052046e-01 5.207986624075992138e-02 1.181728788508303908e-02 8.411767430215708052e-02 3.103686903501782888e-05 1.784619969513525110e-04 1.753583100478507423e-03 6.887081238870457200e-02 2.327765177626337336e-05 2.870910385739149561e-04 2.545023260871462009e-03 0.000000000000000000e+00 0.000000000000000000e+00 1.551843451750891444e-05 6.440150324766199781e-04 1.163882588813168668e-04 2.017396487276158844e-04 2.327765177626337336e-05 1.551843451750891444e-05 0.000000000000000000e+00 7.759217258754457221e-06 1.629435624338436135e-04 7.759217258754457221e-06 2.323885568996960152e-02 6.129781634416021831e-04 1.551843451750891444e-05 1.241474761400713155e-04 0.000000000000000000e+00 2.583819347165234280e-03 3.181279076089327511e-03 2.205169544938016812e-02 4.640011920735165503e-03 1.551843451750891444e-05 6.129781634416021831e-04 3.407072298319082509e-02 2.971780210102957422e-03 2.017396487276158844e-04 5.198675563365486897e-04 7.759217258754457221e-06 0.000000000000000000e+00 2.327765177626337336e-05 1.862212142101069869e-04
